371,600194,60
371,1200345,60
371,1800522,60
371,2400578,60
371,3000610,60
371,3600726,60
371,4200806,60
371,4801048,60
371,5401615,60
371,6001659,60
371,6601807,60
371,7201894,60
371,7801978,60
371,8402143,60
371,9002360,60
371,9602655,60
371,10202834,60
371,10802838,60
371,11402973,60
371,12003244,60
371,12603402,60
371,13203445,60
371,13803672,60
371,14403845,60
371,15003851,60
371,15603888,60
371,16204036,60
371,16804278,60
371,17404575,60
371,18004627,60
371,18604672,60
371,19204821,60
371,19805025,60
371,20405232,60
371,21005322,60
371,21605461,60
371,22205475,60
371,22805565,60
371,23405811,60
371,24005818,60
371,24606077,60
371,25206242,60
371,25806412,60
371,26406585,60
371,27006715,60
371,27606943,60
371,28207147,60
371,28807508,60
371,29407664,60
371,30007793,60
371,30607966,60
371,31208017,60
371,31808247,60
371,32408254,60
371,33008801,60
371,33608821,60
371,34208911,60
371,34809048,60
371,35409250,60
371,36009270,60
371,36609400,60
371,37209571,60
371,37809608,60
371,38409698,60
371,39009865,60
371,39609980,60
371,40210175,60
371,40810265,60
371,41410272,60
371,42010291,60
371,42610381,60
371,43210385,60
371,43810553,60
371,44410631,60
371,45010672,60
371,45610780,60
371,46210819,60
371,46810850,60
371,47411144,60
371,48011188,60
371,48611278,60
371,49211394,60
371,49811401,60
371,50411505,60
371,51011520,60
371,51611611,60
371,52211618,60
371,52811718,60
371,53411894,60
371,54011984,60
371,54612222,60
371,55212312,60
371,55812319,60
371,56412528,60
371,57012765,60
371,57612917,60
371,58212965,60
371,58813004,60
371,59413220,60
371,60013426,60
371,60613516,60
371,61213561,60
371,61813602,60
371,62413694,60
371,63013820,60
371,63613941,60
371,64214122,60
371,64814340,60
371,65414513,60
371,66014796,60
371,66614910,60
371,67214941,60
371,67815114,60
371,68415360,60
371,69015552,60
371,69615680,60
371,70215770,60
371,70815794,60
371,71415840,60
371,72015917,60
371,72616103,60
371,73216193,60
371,73816283,60
371,74416385,60
371,75016504,60
371,75616677,60
371,76216805,60
371,76817003,60
371,77417038,60
371,78017077,60
371,78617290,60
371,79217478,60
371,79817623,60
371,80417768,60
371,81018046,60
371,81618175,60
371,82218297,60
371,82818320,60
371,83418493,60
371,84018699,60
371,84618761,60
371,85219090,60
371,85819215,60
371,86419508,60
371,87019561,60
371,87619760,60
371,88219929,60
371,88820102,60
371,89420201,60
371,90020416,60
371,90620464,60
371,91220661,60
371,91820834,60
371,92421038,60
371,93021211,60
371,93621252,60
371,94221479,60
371,94821569,60
371,95421725,60
371,96021815,60
371,96621968,60
371,97221975,60
371,97822024,60
371,98422031,60
371,99022204,60
371,99622285,60
371,100222313,60
371,100822628,60
371,101422801,60
371,102022974,60
371,102622981,60
371,103223188,60
371,103823349,60
371,104423563,60
371,105023648,60
371,105623813,60
371,106223820,60
371,106823826,60
371,107423844,60
371,108023942,60
371,108623997,60
371,109224187,60
371,109824324,60
371,110424445,60
371,111024568,60
371,111624599,60
371,112224638,60
362,600192,1048
362,1200326,1048
362,1800339,1048
362,2400395,1048
362,3000802,1048
362,3600959,1048
362,4201209,1048
362,4801340,1048
362,5401540,1048
362,6001721,1048
362,6601866,1048
362,7201919,1048
362,7802013,1048
362,8402112,1048
362,9002131,1048
362,9602226,1048
362,10202231,1048
362,10802273,1048
362,11402666,1048
362,12002764,1048
362,12602892,1048
362,13203004,1048
362,13803112,1048
362,14403259,1048
362,15003555,1048
362,15603615,1048
362,16203627,1048
362,16803766,1048
362,17403899,1048
362,18003959,1048
362,18604081,1048
362,19204250,1048
362,19804315,1048
362,20404441,1048
362,21004492,1048
362,21604558,1048
362,22204678,1048
362,22804871,1048
362,23405053,1048
362,24005178,1048
362,24605308,1048
362,25205487,1048
362,25805666,1048
362,26406191,1048
362,27006387,1048
362,27606446,1048
362,28206617,1048
362,28806678,1048
362,29406691,1048
362,30006695,1048
362,30606805,1048
362,31206977,1048
362,31807039,1048
362,32407199,1048
362,33007264,1048
362,33607295,1048
362,34207583,1048
362,34807625,1048
362,35407771,1048
362,36007777,1048
362,36607916,1048
362,37208165,1048
362,37808354,1048
362,38408550,1048
362,39008787,1048
362,39608904,1048
362,40208948,1048
362,40809096,1048
362,41409122,1048
362,42009312,1048
362,42609387,1048
362,43209534,1048
362,43809585,1048
362,44409586,1048
362,45009780,1048
362,45609843,1048
362,46210245,1048
362,46810436,1048
362,47410625,1048
362,48010762,1048
362,48610998,1048
362,49211010,1048
362,49811012,1048
362,50411297,1048
362,51011310,1048
362,51611412,1048
362,52211553,1048
362,52811676,1048
362,53412013,1048
362,54012071,1048
362,54612220,1048
362,55212335,1048
362,55812380,1048
362,56412516,1048
362,57012622,1048
362,57612629,1048
362,58212637,1048
362,58812826,1048
362,59412947,1048
362,60013114,1048
362,60613501,1048
362,61213690,1048
362,61813764,1048
362,62413952,1048
362,63014234,1048
362,63614254,1048
362,64214424,1048
362,64814478,1048
362,65414529,1048
362,66014749,1048
362,66614791,1048
362,67214949,1048
362,67815264,1048
362,68415814,1048
362,69016018,1048
362,69616191,1048
362,70216265,1048
362,70816454,1048
362,71416580,1048
362,72016625,1048
362,72616746,1048
362,73216873,1048
362,73817069,1048
362,74417325,1048
362,75017402,1048
362,75617482,1048
362,76217670,1048
362,76817939,1048
362,77418142,1048
362,78018165,1048
362,78618257,1048
362,79218455,1048
362,79818591,1048
362,80418617,1048
362,81018851,1048
362,81619058,1048
362,82219103,1048
362,82819122,1048
362,83419439,1048
362,84019491,1048
362,84619504,1048
362,85219540,1048
362,85819624,1048
362,86419671,1048
362,87019823,1048
362,87620018,1048
362,88220209,1048
362,88820376,1048
362,89420439,1048
362,90020550,1048
362,90620801,1048
362,91220833,1048
362,91820835,1048
362,92420872,1048
362,93021196,1048
362,93621287,1048
362,94221447,1048
362,94821637,1048
362,95421757,1048
362,96021826,1048
362,96622100,1048
362,97222392,1048
362,97822551,1048
362,98422656,1048
362,99022870,1048
362,99623039,1048
362,100223136,1048
362,100823149,1048
362,101423413,1048
362,102023591,1048
362,102623633,1048
362,103223893,1048
362,103824105,1048
362,104424249,1048
362,105024427,1048
362,105624572,1048
362,106224884,1048
362,106824890,1048
362,107425002,1048
362,108025111,1048
362,108625193,1048
362,109225227,1048
362,109825312,1048
362,110425435,1048
362,111025454,1048
342,600116,60
342,1200350,60
342,1800527,60
342,2400583,60
342,3000615,60
342,3600731,60
342,4200845,60
342,4801053,60
342,5401830,60
342,6001996,60
342,6602144,60
342,7202231,60
342,7802232,60
342,8402268,60
342,9002365,60
342,9602494,60
342,10202507,60
342,10802594,60
342,11402812,60
342,12003060,60
342,12603241,60
342,13203284,60
342,13803511,60
342,14403601,60
342,15003690,60
342,15603893,60
342,16204041,60
342,16804117,60
342,17404165,60
342,18004383,60
342,18604511,60
342,19204577,60
342,19804781,60
342,20404905,60
342,21004912,60
342,21605134,60
342,22205314,60
342,22805404,60
342,23405567,60
342,24005657,60
342,24605753,60
342,25205832,60
342,25805919,60
342,26406009,60
342,27006139,60
342,27606201,60
342,28206239,60
342,28806351,60
342,29406424,60
342,30006553,60
342,30606726,60
342,31206777,60
342,31807007,60
342,32407097,60
342,33007327,60
342,33607415,60
342,34207505,60
342,34807593,60
342,35407595,60
342,36007615,60
342,36607828,60
342,37207999,60
342,37808119,60
342,38408126,60
342,39008127,60
342,39608347,60
342,40208354,60
342,40808444,60
342,41408617,60
342,42008636,60
342,42608643,60
342,43208647,60
342,43808909,60
342,44409059,60
342,45009266,60
342,45609291,60
342,46209330,60
342,46809444,60
342,47409738,60
342,48009865,60
342,48609872,60
342,49210154,60
342,49810327,60
342,50410431,60
342,51010612,60
342,51610620,60
342,52210793,60
342,52810893,60
342,53410903,60
342,54010910,60
342,54611148,60
342,55211321,60
342,55811494,60
342,56411620,60
342,57011691,60
342,57611760,60
342,58211891,60
342,58811930,60
342,59412229,60
342,60012435,60
342,60612525,60
342,61212653,60
342,61812860,60
342,62412869,60
342,63013078,60
342,63613116,60
342,64213131,60
342,64813349,60
342,65413522,60
342,66013810,60
342,66613836,60
342,67213950,60
342,67814123,60
342,68414203,60
342,69014395,60
342,69614606,60
342,70214696,60
342,70814836,60
342,71414849,60
342,72015092,60
342,72615195,60
342,73215285,60
342,73815292,60
342,74415311,60
342,75015513,60
342,75615603,60
342,76215814,60
342,76816012,60
342,77416130,60
342,78016252,60
342,78616382,60
342,79216487,60
342,79816632,60
342,80416860,60
342,81017045,60
342,81617267,60
342,82217472,60
342,82817495,60
342,83417502,60
342,84017708,60
342,84617936,60
342,85218182,60
342,85818224,60
342,86418363,60
342,87018404,60
342,87618520,60
342,88218772,60
342,88818789,60
342,89418795,60
342,90019010,60
342,90619141,60
342,91219172,60
342,91819262,60
342,92419466,60
342,93019722,60
342,93619763,60
342,94219824,60
342,94819831,60
342,95419987,60
342,96020077,60
342,96620313,60
342,97220320,60
342,97820535,60
342,98420542,60
342,99020549,60
342,99620796,60
342,100220907,60
342,100820973,60
342,101420980,60
342,102021070,60
342,102621160,60
342,103221201,60
342,103821362,60
342,104421493,60
342,105021578,60
342,105621660,60
342,106221833,60
342,106822005,60
342,107422106,60
342,108022204,60
342,108622342,60
342,109222532,60
342,109822725,60
342,110422746,60
342,111022865,60
342,111622976,60
342,112223127,60
374,600111,60
374,1200262,60
374,1800356,60
374,2400495,60
374,3000527,60
374,3600643,60
374,4200717,60
374,4800965,60
374,5400984,60
374,6001078,60
374,6601392,60
374,7201396,60
374,7801563,60
374,8401685,60
374,9001696,60
374,9601908,60
374,10202004,60
374,10802174,60
374,11402226,60
374,12002474,60
374,12602489,60
374,13202615,60
374,13802676,60
374,14402683,60
374,15002772,60
374,15602809,60
374,16202874,60
374,16803033,60
374,17403081,60
374,18003299,60
374,18603344,60
374,19203410,60
374,19803614,60
374,20403821,60
374,21003994,60
374,21604216,60
374,22204230,60
374,22804237,60
374,23404400,60
374,24004573,60
374,24605008,60
374,25205163,60
374,25805250,60
374,26405340,60
374,27005470,60
374,27605615,60
374,28205736,60
374,28805765,60
374,29405838,60
374,30005967,60
374,30606057,60
374,31206191,60
374,31806338,60
374,32406345,60
374,33006409,60
374,33606580,60
374,34206753,60
374,34806758,60
374,35406843,60
374,36006946,60
374,36607159,60
374,37207164,60
374,37807284,60
374,38407291,60
374,39007375,60
374,39607487,60
374,40207519,60
374,40807609,60
374,41407782,60
374,42007801,60
374,42607974,60
374,43207978,60
374,43808074,60
374,44408224,60
374,45008431,60
374,45608456,60
374,46208661,60
374,46808775,60
374,47408903,60
374,48009030,60
374,48609203,60
374,49209236,60
374,49809243,60
374,50409264,60
374,51009445,60
374,51609453,60
374,52209626,60
374,52809726,60
374,53409985,60
374,54009992,60
374,54610230,60
374,55210237,60
374,55810327,60
374,56410370,60
374,57010524,60
374,57610593,60
374,58210807,60
374,58811012,60
374,59411145,60
374,60011268,60
374,60611358,60
374,61211486,60
374,61811527,60
374,62411536,60
374,63011662,60
374,63611700,60
374,64211715,60
374,64811767,60
374,65411940,60
374,66012157,60
374,66612254,60
374,67212285,60
374,67812292,60
374,68412621,60
374,69012813,60
374,69612858,60
374,70212865,60
374,70813139,60
374,71413267,60
374,72013510,60
374,72613696,60
374,73213703,60
374,73813710,60
374,74413729,60
374,75013765,60
374,75613772,60
374,76213900,60
374,76813932,60
374,77414133,60
374,78014172,60
374,78614302,60
374,79214324,60
374,79814552,60
374,80414614,60
374,81014850,60
374,81614938,60
374,82215143,60
374,82815249,60
374,83415256,60
374,84015379,60
374,84615441,60
374,85215604,60
374,85815729,60
374,86415734,60
374,87015743,60
374,87615776,60
374,88215945,60
374,88816034,60
374,89416134,60
374,90016266,60
374,90616397,60
374,91216594,60
374,91816767,60
374,92416888,60
374,93016895,60
374,93616936,60
374,94217080,60
374,94817170,60
374,95417326,60
374,96017333,60
374,96617486,60
374,97217493,60
374,97817708,60
374,98417798,60
374,99017971,60
374,99618135,60
374,100218329,60
374,100818478,60
374,101418568,60
374,102018575,60
374,102618582,60
374,103218706,60
374,103818950,60
374,104419081,60
374,105019166,60
374,105619248,60
374,106219255,60
374,106819344,60
374,107419528,60
374,108019626,60
374,108619764,60
374,109219954,60
352,600107,1048
352,1200174,60
352,1800185,60
352,2400295,1048
352,3000439,60
352,3600555,60
352,4200769,1048
352,4800794,60
352,5400997,60
352,6001058,1048
352,6601138,60
352,7201308,60
352,7801392,60
352,8401434,1048
352,9001442,60
352,9601571,60
352,10201635,1048
352,10801637,1048
352,11401640,60
352,12001732,1048
352,12601820,60
352,13202112,60
352,13802188,1048
352,14402239,1048
352,15002435,60
352,15602472,60
352,16202645,1048
352,16802696,60
352,17402744,60
352,18002759,1048
352,18602856,1048
352,19202882,1048
352,19802917,1048
352,20402986,60
352,21003076,60
352,21603173,1048
352,22203178,1048
352,22803319,60
352,23403385,1048
352,24003489,60
352,24603558,1048
352,25203693,1048
352,25803834,60
352,26403841,60
352,27004007,1048
352,27604033,60
352,28204071,60
352,28804093,1048
352,29404256,60
352,30004302,60
352,30604392,60
352,31204461,1048
352,31804603,1048
352,32404680,60
352,33004692,60
352,33604749,60
352,34204839,60
352,34804981,1048
352,35405001,1048
352,36005032,60
352,36605079,60
352,37205084,60
352,37805204,60
352,38405211,60
352,39005292,1048
352,39605605,60
352,40205612,1048
352,40805769,1048
352,41405951,60
352,42005970,60
352,42605977,60
352,43205981,60
352,43806126,60
352,44406259,1048
352,45006315,1048
352,45606363,1048
352,46206385,1048
352,46806418,1048
352,47406433,1048
352,48006618,60
352,48606621,1048
352,49206630,1048
352,49806664,1048
352,50406759,1048
352,51006950,60
352,51606972,1048
352,52207048,60
352,52807148,60
352,53407241,60
352,54007331,60
352,54607486,60
352,55207580,1048
352,55807666,60
352,56407684,1048
352,57007780,60
352,57607829,1048
352,58208183,1048
352,58808185,60
352,59408235,60
352,60008275,60
352,60608365,60
352,61208493,60
352,61808534,60
352,62408543,60
352,63008752,60
352,63608854,1048
352,64208952,1048
352,64809076,1048
352,65409196,60
352,66009237,1048
352,66609344,60
352,67209417,1048
352,67809465,60
352,68409545,60
352,69009592,1048
352,69609616,60
352,70209623,60
352,70809756,1048
352,71409886,1048
352,72009962,1048
352,72610091,1048
352,73210105,1048
352,73810217,1048
352,74410238,60
352,75010274,60
352,75610294,1048
352,76210409,60
352,76810441,60
352,77410554,1048
352,78010681,60
352,78610814,1048
352,79210833,60
352,79810978,60
352,80411206,60
352,81011351,1048
352,81611364,60
352,82211455,1048
352,82811596,1048
352,83411765,60
352,84011859,1048
352,84611867,60
352,85211947,60
352,85811950,1048
352,86412149,60
352,87012233,1048
352,87612254,1048
352,88212305,1048
352,88812321,1048
352,89412395,1048
352,90012405,1048
352,90612491,60
352,91212565,1048
352,91812585,1048
352,92412716,1048
352,93012740,60
352,93612781,60
352,94212961,1048
352,94813082,1048
352,95413141,1048
352,96013246,1048
352,96613248,60
352,97213255,60
352,97813359,1048
352,98413394,1048
352,99013401,60
352,99613437,1048
352,100213510,60
352,100813651,1048
352,101413749,60
352,102013756,60
352,102613763,60
352,103213804,60
352,103813973,1048
352,104413994,1048
352,105014015,60
352,105614126,1048
352,106214160,1048
352,106814190,60
352,107414242,1048
352,108014289,1048
352,108614323,1048
352,109214388,60
352,109814440,60
352,110414527,60
352,111014558,60
354,600106,60
354,1200340,60
354,1800600,60
354,2400822,60
354,3000937,60
354,3601136,60
354,4201336,60
354,4801375,60
354,5401418,60
354,6001571,60
354,6601719,60
354,7201806,60
354,7801890,60
354,8402018,60
354,9002106,60
354,9602235,60
354,10202331,60
354,10802335,60
354,11402470,60
354,12002575,60
354,12602650,60
354,13202859,60
354,13803086,60
354,14403093,60
354,15003099,60
354,15603219,60
354,16203284,60
354,16803526,60
354,17403574,60
354,18003626,60
354,18603671,60
354,19203820,60
354,19804024,60
354,20404231,60
354,21004321,60
354,21604460,60
354,22204474,60
354,22804564,60
354,23404810,60
354,24004817,60
354,24605076,60
354,25205241,60
354,25805411,60
354,26405584,60
354,27005714,60
354,27605942,60
354,28206146,60
354,28806507,60
354,29406663,60
354,30006792,60
354,30606965,60
354,31207016,60
354,31807246,60
354,32407253,60
354,33007800,60
354,33607820,60
354,34207910,60
354,34808047,60
354,35408249,60
354,36008269,60
354,36608399,60
354,37208570,60
354,37808607,60
354,38408697,60
354,39008864,60
354,39608979,60
354,40209174,60
354,40809264,60
354,41409271,60
354,42009290,60
354,42609380,60
354,43209384,60
354,43809552,60
354,44409630,60
354,45009671,60
354,45609779,60
354,46209818,60
354,46809849,60
354,47410143,60
354,48010187,60
354,48610277,60
354,49210393,60
354,49810400,60
354,50410504,60
354,51010519,60
354,51610610,60
354,52210617,60
354,52810717,60
354,53410893,60
354,54010983,60
354,54611221,60
354,55211311,60
354,55811318,60
354,56411527,60
354,57011764,60
354,57611916,60
354,58211964,60
354,58812003,60
354,59412219,60
354,60012425,60
354,60612515,60
354,61212560,60
354,61812601,60
354,62412693,60
354,63012819,60
354,63612940,60
354,64213121,60
354,64813339,60
354,65413512,60
354,66013795,60
354,66613909,60
354,67213940,60
354,67814113,60
354,68414359,60
354,69014551,60
354,69614679,60
354,70214769,60
354,70814793,60
354,71414839,60
354,72014916,60
354,72615102,60
354,73215192,60
354,73815282,60
354,74415384,60
354,75015503,60
354,75615676,60
354,76215804,60
354,76816002,60
354,77416037,60
354,78016076,60
354,78616289,60
354,79216477,60
354,79816622,60
354,80416767,60
354,81017045,60
354,81617174,60
354,82217296,60
354,82817319,60
354,83417492,60
354,84017698,60
354,84617760,60
354,85218089,60
354,85818214,60
354,86418507,60
354,87018560,60
354,87618759,60
354,88218928,60
354,88819101,60
354,89419200,60
354,90019415,60
354,90619463,60
354,91219660,60
354,91819833,60
354,92420037,60
354,93020210,60
354,93620251,60
354,94220478,60
354,94820568,60
354,95420724,60
354,96020814,60
354,96620967,60
354,97220974,60
354,97821023,60
354,98421030,60
354,99021203,60
354,99621284,60
354,100221312,60
354,100821627,60
354,101421800,60
354,102021973,60
354,102621980,60
354,103222187,60
354,103822348,60
354,104422562,60
354,105022647,60
354,105622812,60
354,106222819,60
354,106822825,60
354,107422843,60
354,108022941,60
354,108622996,60
354,109223186,60
354,109823323,60
354,110423444,60
354,111023567,60
354,111623598,60
354,112223637,60
373,600004,1048
373,1200045,1048
373,1800202,1048
373,2400345,1048
373,3000448,1048
373,3600506,1048
373,4200633,1048
373,4800746,1048
373,5401372,1048
373,6001373,1048
373,6601394,1048
373,7201452,1048
373,7801463,1048
373,8401688,1048
373,9001849,1048
373,9601970,1048
373,10202116,1048
373,10802262,1048
373,11402422,1048
373,12002483,1048
373,12602484,1048
373,13202505,1048
373,13802780,1048
373,14402829,1048
373,15003067,1048
373,15603242,1048
373,16203408,1048
373,16803769,1048
373,17403893,1048
373,18004051,1048
373,18604329,1048
373,19204496,1048
373,19804542,1048
373,20404785,1048
373,21004908,1048
373,21605080,1048
373,22205291,1048
373,22805517,1048
373,23405633,1048
373,24005837,1048
373,24606068,1048
373,25206139,1048
373,25806342,1048
373,26406606,1048
373,27006780,1048
373,27606958,1048
373,28207026,1048
373,28807064,1048
373,29407212,1048
373,30007331,1048
373,30607339,1048
373,31207537,1048
373,31807695,1048
373,32407916,1048
373,33008114,1048
373,33608162,1048
373,34208548,1048
373,34808747,1048
373,35408897,1048
373,36009035,1048
373,36609050,1048
373,37209315,1048
373,37809455,1048
373,38409473,1048
373,39009574,1048
373,39609744,1048
373,40209880,1048
373,40810076,1048
373,41410120,1048
373,42010212,1048
373,42610264,1048
373,43210476,1048
373,43810690,1048
373,44410874,1048
373,45010884,1048
373,45611069,1048
373,46211164,1048
373,46811270,1048
373,47411423,1048
373,48011701,1048
373,48611715,1048
373,49211761,1048
373,49811883,1048
373,50412028,1048
373,51012091,1048
373,51612286,1048
373,52212456,1048
373,52812721,1048
373,53412857,1048
373,54012960,1048
373,54613181,1048
373,55213510,1048
373,55813564,1048
373,56413624,1048
373,57013723,1048
373,57613782,1048
373,58213899,1048
373,58814006,1048
373,59414031,1048
373,60014180,1048
373,60614400,1048
373,61214587,1048
373,61814620,1048
373,62414756,1048
373,63014884,1048
373,63615048,1048
373,64215049,1048
373,64815192,1048
373,65415380,1048
373,66015564,1048
373,66615691,1048
373,67215759,1048
373,67815978,1048
373,68416137,1048
373,69016265,1048
373,69616389,1048
373,70216681,1048
373,70816703,1048
373,71416850,1048
373,72016859,1048
373,72616868,1048
373,73216935,1048
373,73817031,1048
373,74417056,1048
373,75017084,1048
373,75617151,1048
373,76217239,1048
373,76817288,1048
373,77417525,1048
373,78017623,1048
373,78617795,1048
373,79217932,1048
373,79818011,1048
373,80418445,1048
373,81018487,1048
373,81618500,1048
373,82218617,1048
373,82818669,1048
373,83418879,1048
373,84018949,1048
373,84619066,1048
373,85219195,1048
373,85819417,1048
373,86419496,1048
373,87019569,1048
373,87619626,1048
373,88219940,1048
373,88820201,1048
373,89420223,1048
373,90020265,1048
373,90620308,1048
373,91220544,1048
373,91820624,1048
373,92420768,1048
373,93020775,1048
373,93620873,1048
373,94220927,1048
373,94821252,1048
373,95421449,1048
373,96021573,1048
373,96621752,1048
373,97222195,1048
373,97822349,1048
373,98422384,1048
373,99022637,1048
373,99622743,1048
373,100222929,1048
373,100823137,1048
373,101423612,1048
373,102023694,1048
373,102623916,1048
373,103224222,1048
373,103824303,1048
373,104424337,1048
373,105024512,1048
373,105624712,1048
373,106225193,1048
373,106825396,1048
373,107425425,1048
373,108025609,1048
373,108625702,1048
373,109225761,1048
340,600056,1048
340,1200111,1048
340,1800112,60
340,2400168,60
340,3000532,60
340,3600635,1048
340,4200762,60
340,4800872,1048
340,5401122,1048
340,6001166,60
340,6601322,1048
340,7201401,60
340,7801485,60
340,8401658,1048
340,9001678,1048
340,9601747,60
340,10201817,1048
340,10801989,1048
340,11402148,60
340,12002200,1048
340,12602252,1048
340,13202355,1048
340,13802515,60
340,14402688,60
340,15002694,60
340,15602791,1048
340,16202796,60
340,16803007,1048
340,17403072,1048
340,18003124,1048
340,18603183,60
340,19203230,1048
340,19803295,1048
340,20403328,60
340,21003418,60
340,21603538,1048
340,22203658,1048
340,22803661,60
340,23403824,60
340,24003845,1048
340,24603880,60
340,25204006,60
340,25804079,1048
340,26404101,1048
340,27004147,60
340,27604286,1048
340,28204330,60
340,28804359,60
340,29404453,1048
340,30004505,1048
340,30604564,1048
340,31204619,60
340,31804675,1048
340,32404773,60
340,33004869,1048
340,33604924,1048
340,34204979,1048
340,34804985,60
340,35405022,60
340,36005042,60
340,36605060,1048
340,37205177,60
340,37805214,60
340,38405304,60
340,39005305,60
340,39605456,1048
340,40205552,1048
340,40805619,1048
340,41405622,1048
340,42005731,60
340,42605738,60
340,43205825,60
340,43805912,60
340,44405988,60
340,45006029,60
340,45606123,1048
340,46206259,60
340,46806373,60
340,47406413,1048
340,48006570,1048
340,48606637,1048
340,49206790,1048
340,49806820,1048
340,50406945,60
340,51007126,60
340,51607134,60
340,52207235,1048
340,52807323,1048
340,53407500,60
340,54007590,60
340,54607654,1048
340,55207850,1048
340,55808174,60
340,56408300,60
340,57008402,1048
340,57608505,1048
340,58208737,60
340,58808759,1048
340,59408912,1048
340,60009032,60
340,60609039,60
340,61209084,60
340,61809208,60
340,62409300,60
340,63009426,60
340,63609596,1048
340,64209680,1048
340,64809697,60
340,65409787,60
340,66009951,60
340,66609952,1048
340,67210049,60
340,67810222,60
340,68410302,60
340,69010399,1048
340,69610532,1048
340,70210546,60
340,70810667,1048
340,71410688,1048
340,72010694,1048
340,72610796,60
340,73210897,1048
340,73811019,1048
340,74411161,60
340,75011363,60
340,75611494,1048
340,76211629,1048
340,76811696,60
340,77411731,60
340,78011770,60
340,78611812,1048
340,79211817,1048
340,79811865,1048
340,80411983,1048
340,81012065,60
340,81612102,1048
340,82212173,1048
340,82812183,60
340,83412190,60
340,84012291,1048
340,84612458,60
340,85212545,1048
340,85812556,1048
340,86412601,1048
340,87012653,1048
340,87612654,1048
340,88212713,60
340,88812756,1048
340,89412827,1048
340,90012900,1048
340,90612916,60
340,91213030,60
340,91813120,60
340,92413156,1048
340,93013165,60
340,93613168,1048
340,94213184,60
340,94813191,60
340,95413291,1048
340,96013318,1048
340,96613341,60
340,97213348,60
340,97813397,60
340,98413488,1048
340,99013600,1048
340,99613657,1048
340,100213731,1048
340,100813835,60
340,101413842,60
340,102013849,60
340,102613856,60
340,103213897,60
340,103814109,1048
340,104414189,60
340,105014239,1048
340,105614426,1048
340,106214612,60
340,106814692,60
340,107414719,60
340,108014809,1048
340,108614872,60
340,109215062,60
340,109815091,60
340,110415211,1048
340,111015308,1048
343,600033,60
343,1200200,1048
343,1800282,1048
343,2400387,1048
343,3000449,60
343,3600565,60
343,4200579,1048
343,4800638,60
343,5401091,60
343,6001165,1048
343,6601314,60
343,7201318,60
343,7801402,60
343,8401518,60
343,9001618,60
343,9601830,60
343,10201926,60
343,10801930,60
343,11401982,60
343,12002054,60
343,12602067,1048
343,13202371,60
343,13802396,1048
343,14402490,1048
343,15002528,60
343,15602710,1048
343,16202713,60
343,16802749,1048
343,17402837,60
343,18002972,60
343,18603017,60
343,19203026,1048
343,19803038,60
343,20403079,60
343,21003252,1048
343,21603268,1048
343,22203322,60
343,22803329,60
343,23403401,1048
343,24003416,60
343,24603797,60
343,25203974,1048
343,25804052,1048
343,26404100,60
343,27004104,1048
343,27604188,1048
343,28204358,1048
343,28804428,1048
343,29404432,60
343,30004478,60
343,30604568,60
343,31204661,1048
343,31804665,1048
343,32404690,60
343,33004724,60
343,33604759,60
343,34204932,60
343,34805108,1048
343,35405271,60
343,36005415,1048
343,36605502,1048
343,37205509,60
343,37805536,1048
343,38405719,60
343,39005866,1048
343,39605998,60
343,40206184,1048
343,40806200,1048
343,41406296,1048
343,42006312,60
343,42606319,1048
343,43206323,60
343,43806373,60
343,44406420,1048
343,45006527,60
343,45606552,60
343,46206568,1048
343,46806622,60
343,47406723,1048
343,48006960,60
343,48607050,60
343,49207159,1048
343,49807215,1048
343,50407277,60
343,51007292,60
343,51607300,60
343,52207473,60
343,52807573,60
343,53407583,60
343,54007673,60
343,54607701,1048
343,55207752,60
343,55807756,1048
343,56407802,60
343,57007843,1048
343,57607866,1048
343,58207990,60
343,58808029,60
343,59408043,1048
343,60008077,1048
343,60608088,1048
343,61208254,60
343,61808295,60
343,62408387,60
343,63008596,60
343,63608628,1048
343,64208649,60
343,64808836,1048
343,65408855,1048
343,66008939,60
343,66609001,1048
343,67209014,1048
343,67809015,1048
343,68409057,60
343,69009166,60
343,69609317,1048
343,70209467,60
343,70809618,1048
343,71409692,1048
343,72009697,60
343,72609762,1048
343,73209807,60
343,73809814,60
343,74409833,60
343,75009952,60
343,75609959,60
343,76209997,1048
343,76810064,1048
343,77410071,60
343,78010243,1048
343,78610307,1048
343,79210329,1048
343,79810413,1048
343,80410552,60
343,81010785,1048
343,81610830,1048
343,82210973,1048
343,82810989,1048
343,83411001,1048
343,84011150,1048
343,84611213,60
343,85211376,60
343,85811497,1048
343,86411532,1048
343,87011557,1048
343,87611631,60
343,88211717,60
343,88811722,60
343,89411740,60
343,90011789,60
343,90611809,1048
343,91211934,1048
343,91811937,1048
343,92412107,1048
343,93012135,1048
343,93612210,60
343,94212221,1048
343,94812444,60
343,95412517,60
343,96012524,60
343,96612594,60
343,97212767,60
343,97812816,60
343,98412872,1048
343,99012996,60
343,99613211,1048
343,100213224,1048
343,100813254,60
343,101413427,60
343,102013488,1048
343,102613497,1048
343,103213677,1048
343,103813763,1048
343,104413813,1048
343,105013839,1048
343,105613858,60
343,106213865,60
343,106813888,1048
343,107414055,60
343,108014070,60
343,108614291,60
343,109214517,1048
320,600012,1048
320,1200023,60
320,1800034,60
320,2400075,1048
320,3000122,60
320,3600137,1048
320,4200162,60
320,4800202,1048
320,5400263,1048
320,6000341,60
320,6600406,60
320,7200410,60
320,7800411,60
320,8400439,1048
320,9000461,60
320,9600507,60
320,10200520,60
320,10800524,60
320,11400576,60
320,12000589,60
320,12600590,60
320,13200593,1048
320,13800600,60
320,14400618,60
320,15000624,60
320,15600632,1048
320,16200643,60
320,16800682,1048
320,17400684,60
320,18000736,60
320,18600765,1048
320,19200780,1048
320,19800787,1048
320,20400843,60
320,21000850,60
320,21600853,1048
320,22200891,1048
320,22800905,1048
320,23400910,1048
320,24000931,60
320,24601007,60
320,25201023,60
320,25801027,60
320,26401034,60
320,27001081,60
320,27601143,60
320,28201156,1048
320,28801210,60
320,29401245,1048
320,30001246,60
320,30601253,60
320,31201277,1048
320,31801285,60
320,32401292,60
320,33001299,60
320,33601328,1048
320,34201368,60
320,34801386,1048
320,35401457,1048
320,36001469,1048
320,36601520,1048
320,37201530,60
320,37801562,1048
320,38401574,60
320,39001575,60
320,39601604,60
320,40201631,1048
320,40801643,60
320,41401650,60
320,42001669,60
320,42601674,1048
320,43201680,60
320,43801682,1048
320,44401750,1048
320,45001764,1048
320,45601803,1048
320,46201861,1048
320,46801896,60
320,47401896,1048
320,48001902,60
320,48601909,60
320,49201942,60
320,49801949,60
320,50401970,60
320,51001985,60
320,51601993,60
320,52202000,60
320,52802017,60
320,53402027,60
320,54002034,60
320,54602048,1048
320,55202065,1048
320,55802074,1048
320,56402080,60
320,57002143,1048
320,57602220,60
320,58202268,60
320,58802307,60
320,59402308,1048
320,60002314,60
320,60602321,60
320,61202366,60
320,61802405,1048
320,62402412,1048
320,63002459,60
320,63602497,60
320,64202512,60
320,64802558,1048
320,65402571,60
320,66002636,60
320,66602636,60
320,67202667,60
320,67802674,60
320,68402719,1048
320,69002780,60
320,69602809,1048
320,70202832,60
320,70802837,1048
320,71402902,60
320,72002942,1048
320,72602967,1048
320,73203006,60
320,73803013,60
320,74403032,60
320,75003068,60
320,75603075,60
320,76203098,1048
320,76803122,1048
320,77403187,60
320,78003226,60
320,78603273,60
320,79203286,1048
320,79803357,60
320,80403419,60
320,81003463,1048
320,81603494,60
320,82203513,1048
320,82803531,1048
320,83403563,60
320,84003603,60
320,84603622,1048
320,85203638,1048
320,85803704,60
320,86403745,60
320,87003801,60
320,87603826,1048
320,88203837,60
320,88803907,60
320,89403933,1048
320,90003992,60
320,90604040,60
320,91204071,60
320,91804078,60
320,92404116,60
320,93004123,60
320,93604133,1048
320,94204142,60
320,94804149,60
320,95404168,1048
320,96004189,1048
320,96604213,1048
320,97204223,60
320,97804272,60
320,98404279,60
320,99004286,60
320,99604362,1048
320,100204395,60
320,100804447,1048
320,101404468,60
320,102004475,60
320,102604482,60
320,103204523,60
320,103804601,60
320,104404605,1048
320,105004651,60
320,105604677,1048
320,106204740,60
320,106804782,60
320,107404847,60
320,108004862,60
320,108604882,1048
320,109204941,60
320,109804958,1048
320,110404987,1048
320,111004993,1048
320,111605114,1048
320,112205131,60
353,600032,1048
353,1200037,1048
353,1800319,1048
353,2400357,1048
353,3000834,1048
353,3600866,1048
353,4201052,1048
353,4801138,1048
353,5401330,1048
353,6001454,1048
353,6601513,1048
353,7201535,1048
353,7801615,1048
353,8401783,1048
353,9001852,1048
353,9602200,1048
353,10202237,1048
353,10802387,1048
353,11402521,1048
353,12002784,1048
353,12602871,1048
353,13203075,1048
353,13803248,1048
353,14403487,1048
353,15003707,1048
353,15603924,1048
353,16204111,1048
353,16804471,1048
353,17404690,1048
353,18004691,1048
353,18604787,1048
353,19204965,1048
353,19805209,1048
353,20405553,1048
353,21005749,1048
353,21605896,1048
353,22205955,1048
353,22805959,1048
353,23406093,1048
353,24006172,1048
353,24606268,1048
353,25206333,1048
353,25806506,1048
353,26406892,1048
353,27006981,1048
353,27607105,1048
353,28207429,1048
353,28807801,1048
353,29407953,1048
353,30008112,1048
353,30608280,1048
353,31208441,1048
353,31808454,1048
353,32408661,1048
353,33009072,1048
353,33609092,1048
353,34209103,1048
353,34809360,1048
353,35409519,1048
353,36009593,1048
353,36609629,1048
353,37209822,1048
353,37809888,1048
353,38410098,1048
353,39010129,1048
353,39610313,1048
353,40210466,1048
353,40810480,1048
353,41410562,1048
353,42010643,1048
353,42610764,1048
353,43210983,1048
353,43811238,1048
353,44411346,1048
353,45011454,1048
353,45611744,1048
353,46211929,1048
353,46812151,1048
353,47412336,1048
353,48012459,1048
353,48612602,1048
353,49212815,1048
353,49812830,1048
353,50413076,1048
353,51013277,1048
353,51613306,1048
353,52213458,1048
353,52813652,1048
353,53413798,1048
353,54013991,1048
353,54614068,1048
353,55214123,1048
353,55814281,1048
353,56414374,1048
353,57014578,1048
353,57614636,1048
353,58214828,1048
353,58814884,1048
353,59415003,1048
353,60015216,1048
353,60615354,1048
353,61215526,1048
353,61815632,1048
353,62415820,1048
353,63016218,1048
353,63616323,1048
353,64216482,1048
353,64816647,1048
353,65416719,1048
353,66016747,1048
353,66616852,1048
353,67216927,1048
353,67817033,1048
353,68417131,1048
353,69017350,1048
353,69617411,1048
353,70217511,1048
353,70817638,1048
353,71417677,1048
353,72017823,1048
353,72618039,1048
353,73218086,1048
353,73818131,1048
353,74418272,1048
353,75018422,1048
353,75618512,1048
353,76218535,1048
353,76818773,1048
353,77418814,1048
353,78018843,1048
353,78618937,1048
353,79219048,1048
353,79819199,1048
353,80419398,1048
353,81019478,1048
353,81619577,1048
353,82219752,1048
353,82819980,1048
353,83420103,1048
353,84020216,1048
353,84620397,1048
353,85220497,1048
353,85820811,1048
353,86420889,1048
353,87020893,1048
353,87621056,1048
353,88221085,1048
353,88821098,1048
353,89421222,1048
353,90021397,1048
353,90621467,1048
353,91221712,1048
353,91821839,1048
353,92421854,1048
353,93022055,1048
353,93622294,1048
353,94222399,1048
353,94822599,1048
353,95422667,1048
353,96022807,1048
353,96622862,1048
353,97222940,1048
353,97823052,1048
353,98423230,1048
353,99023410,1048
353,99623568,1048
353,100223601,1048
353,100823801,1048
353,101424000,1048
353,102024066,1048
353,102624085,1048
353,103224308,1048
353,103824470,1048
353,104424554,1048
353,105024678,1048
353,105624897,1048
353,106224904,1048
353,106825070,1048
353,107425103,1048
353,108025282,1048
353,108625350,1048
353,109225694,1048
353,109825868,1048
353,110425984,1048
353,111026099,1048
353,111626214,1048
353,112226280,1048
332,600006,1068960
332,1200074,44016
332,1800085,811152
332,2400138,297632
332,3000173,312304
332,3600206,468456
332,4200252,60
332,4800252,432824
332,5400269,1048
332,6000290,360512
332,6600291,454832
332,7200295,39824
332,7800296,547056
332,8400350,1108
332,9000353,328024
332,9600392,309160
332,10200405,91176
332,10800409,495704
332,11400437,296584
332,12000472,1048
332,12600475,388808
332,13200518,571160
332,13800528,2096
332,14400586,652904
332,15000592,31440
332,15600629,37728
332,16200666,554392
332,16800687,91176
332,17400692,66024
332,18000704,417104
332,18600733,400336
332,19200744,113244
332,19800770,540768
332,20400811,224272
332,21000815,172920
332,21600863,475792
332,22200876,658144
332,22800895,107944
332,23400904,356380
332,24000911,621524
332,24600919,1048
332,25200920,142588
332,25800924,559692
332,26400931,198132
332,27000954,125760
332,27600957,525108
332,28200983,582688
332,28800993,160344
332,29400993,49256
332,30001048,250472
332,30601055,422344
332,31201106,38776
332,31801158,336408
332,32401177,575352
332,33001195,60
332,33601222,409768
332,34201253,432824
332,34801272,0
332,35401272,145732
332,36001275,468456
332,36601327,666528
332,37201332,400336
332,37801369,143576
332,38401376,609936
332,39001377,544960
332,39601418,60
332,40201438,121568
332,40801445,550200
332,41401452,155104
332,42001471,40872
332,42601478,303920
332,43201482,554392
332,43801491,1048
332,44401491,104860
332,45001520,527144
332,45601545,697968
332,46201549,403480
332,46801568,213792
332,47401577,347936
332,48001578,616224
332,48601628,156152
332,49201637,159296
332,49801668,644520
332,50401689,467408
332,51001704,35632
332,51601712,67072
332,52201719,528192
332,52801736,607840
332,53401746,153008
332,54001752,185496
332,54601754,535588
332,55201761,585892
332,55801768,76564
332,56401797,76504
332,57001799,269396
332,57601835,670720
332,58201904,555440
332,58801935,66024
332,59401993,316496
332,60002033,596312
332,60602040,263048
332,61202068,53448
332,61802102,322784
332,62402135,621464
332,63002146,363656
332,63602170,49256
332,64202172,321736
332,64802176,602600
332,65402207,527144
332,66002272,10480
332,66602272,358416
332,67202303,585832
332,67802310,634040
332,68402319,175076
332,69002333,110040
332,69602378,430728
332,70202385,506184
332,70802400,1108
332,71402403,166632
332,72002413,509328
332,72602451,655000
332,73202456,155104
332,73802483,479984
332,74402502,662336
332,75002512,175016
332,75602531,141480
332,76202590,492560
332,76802622,612032
332,77402657,36680
332,78002696,20960
332,78602702,117376
332,79202765,531336
332,79802827,718928
332,80402869,530288
332,81002881,0
332,81602881,98512
332,82202920,339552
332,82802943,553344
332,83402950,107944
332,84002978,51352
332,84602981,309220
332,85203049,664432
332,85803079,585832
332,86403132,8384
332,87003155,237896
332,87603221,608888
332,88203224,570112
332,88803237,2096
332,89403247,127856
332,90003259,375184
332,90603261,651856
332,91203265,64976
332,91803299,228464
332,92403320,556488
332,93003344,132048
332,93603385,5240
332,94203386,332216
332,94803417,403480
332,95403430,36680
332,96003430,503040
332,96603437,528192
332,97203444,131000
332,97803493,1048
332,98403500,339552
332,99003507,356320
332,99603517,94380
332,100203533,321736
332,100803535,598408
332,101403535,377280
332,102003542,71324
332,102603549,456988
332,103203578,579544
332,103803585,54556
332,104403621,49256
332,105003623,335360
332,105603634,684404
332,106203641,423452
332,106803659,1108
332,107403665,176124
332,108003668,516664
332,108603671,650808
332,109203676,240052
332,109803722,60
332,110403757,1048
332,111003807,60
332,111603901,60
332,112203907,1048
355,600023,60
355,1200125,1048
355,1800434,60
355,2400480,1048
355,3000605,60
355,3600721,60
355,4200955,60
355,4800960,60
355,5401461,1048
355,6001488,60
355,6601636,60
355,7201716,1048
355,7801865,1048
355,8402124,1048
355,9002245,1048
355,9602401,60
355,10202414,60
355,10802474,1048
355,11402553,60
355,12002555,1048
355,12602700,1048
355,13202733,1048
355,13802846,1048
355,14402927,60
355,15002933,60
355,15603042,1048
355,16203070,1048
355,16803111,60
355,17403201,1048
355,18003294,60
355,18603339,60
355,19203405,60
355,19803598,1048
355,20403650,60
355,21003808,1048
355,21603922,1048
355,22203952,1048
355,22803983,60
355,23404027,1048
355,24004153,60
355,24604323,1048
355,25204411,1048
355,25804498,60
355,26404505,60
355,27004635,60
355,27604728,1048
355,28204735,60
355,28804764,60
355,29404837,60
355,30004841,1048
355,30605056,60
355,31205077,1048
355,31805088,60
355,32405210,1048
355,33005408,60
355,33605492,1048
355,34205752,60
355,34805757,60
355,35405813,1048
355,36005855,1048
355,36605909,60
355,37206163,60
355,37806238,1048
355,38406290,60
355,39006370,1048
355,39606486,60
355,40206518,60
355,40806574,1048
355,41406781,60
355,42006800,60
355,42606973,60
355,43206977,60
355,43807073,60
355,44407223,60
355,45007279,1048
355,45607455,60
355,46207660,60
355,46807758,1048
355,47407843,1048
355,48007910,1048
355,48607953,60
355,49207986,60
355,49808076,60
355,50408097,60
355,51008195,60
355,51608203,60
355,52208376,60
355,52808476,60
355,53408506,1048
355,54008604,1048
355,54608626,1048
355,55208738,60
355,55808911,60
355,56409072,1048
355,57009163,1048
355,57609343,60
355,58209391,60
355,58809430,60
355,59409480,60
355,60009520,60
355,60609610,60
355,61209699,1048
355,61809720,1048
355,62409996,1048
355,63010163,60
355,63610201,60
355,64210299,60
355,64810412,1048
355,65410441,60
355,66010581,1048
355,66610589,60
355,67210596,1048
355,67810627,60
355,68410782,1048
355,69010859,1048
355,69610944,60
355,70210951,60
355,70811052,60
355,71411138,1048
355,72011219,1048
355,72611444,1048
355,73211507,1048
355,73811576,1048
355,74411732,60
355,75011768,60
355,75611858,60
355,76211903,60
355,76811935,60
355,77412070,1048
355,78012071,1048
355,78612151,1048
355,79212327,60
355,79812389,60
355,80412451,60
355,81012568,1048
355,81612609,60
355,82212645,1048
355,82812807,1048
355,83413010,60
355,84013190,1048
355,84613278,60
355,85213426,1048
355,85813537,1048
355,86413572,1048
355,87013597,1048
355,87613696,60
355,88213799,1048
355,88813829,1048
355,89413833,1048
355,90013854,60
355,90614068,60
355,91214099,60
355,91814164,1048
355,92414393,60
355,93014429,1048
355,93614441,60
355,94214444,1048
355,94814509,60
355,95414582,60
355,96014672,60
355,96614786,1048
355,97214832,60
355,97814881,60
355,98414888,60
355,99014895,60
355,99615029,1048
355,100215071,1048
355,100815151,1048
355,101415160,60
355,102015250,60
355,102615296,1048
355,103215336,1048
355,103815459,60
355,104415507,60
355,105015675,60
355,105615923,60
355,106216013,60
355,106816060,60
355,107416140,1048
355,108016218,60
355,108616356,60
355,109216380,60
361,600028,60
361,1200179,60
361,1800273,60
361,2400412,60
361,3000693,60
361,3600809,60
361,4200914,60
361,4801131,60
361,5401348,60
361,6001493,60
361,6601558,60
361,7201562,60
361,7801646,60
361,8401768,60
361,9001779,60
361,9601825,60
361,10201838,60
361,10802008,60
361,11402143,60
361,12002308,60
361,12602323,60
361,13202532,60
361,13802593,60
361,14402766,60
361,15002855,60
361,15602975,60
361,16203206,60
361,16803448,60
361,17403496,60
361,18003714,60
361,18603759,60
361,19203991,60
361,19804195,60
361,20404319,60
361,21004326,60
361,21604465,60
361,22204479,60
361,22804569,60
361,23404732,60
361,24004739,60
361,24604835,60
361,25204997,60
361,25805084,60
361,26405174,60
361,27005304,60
361,27605532,60
361,28205570,60
361,28805599,60
361,29405755,60
361,30005884,60
361,30605891,60
361,31206108,60
361,31806172,60
361,32406179,60
361,33006243,60
361,33606248,60
361,34206338,60
361,34806426,60
361,35406428,60
361,36006531,60
361,36606661,60
361,37206749,60
361,37806952,60
361,38406959,60
361,39007043,60
361,39607142,60
361,40207187,60
361,40807277,60
361,41407450,60
361,42007469,60
361,42607476,60
361,43207563,60
361,43807700,60
361,44407892,60
361,45008099,60
361,45608373,60
361,46208578,60
361,46808609,60
361,47408820,60
361,48008947,60
361,48609037,60
361,49209070,60
361,49809160,60
361,50409347,60
361,51009528,60
361,51609536,60
361,52209709,60
361,52809809,60
361,53409819,60
361,54009826,60
361,54610064,60
361,55210154,60
361,55810161,60
361,56410204,60
361,57010358,60
361,57610427,60
361,58210475,60
361,58810597,60
361,59410813,60
361,60010853,60
361,60610943,60
361,61210988,60
361,61811112,60
361,62411204,60
361,63011247,60
361,63611368,60
361,64211466,60
361,64811684,60
361,65411857,60
361,66012074,60
361,66612171,60
361,67212368,60
361,67812375,60
361,68412455,60
361,69012730,60
361,69612941,60
361,70213031,60
361,70813056,60
361,71413184,60
361,72013427,60
361,72613613,60
361,73213620,60
361,73813627,60
361,74413646,60
361,75013848,60
361,75613855,60
361,76213983,60
361,76814181,60
361,77414216,60
361,78014255,60
361,78614551,60
361,79214739,60
361,79814801,60
361,80415029,60
361,81015040,60
361,81615270,60
361,82215309,60
361,82815415,60
361,83415422,60
361,84015462,60
361,84615607,60
361,85215687,60
361,85815812,60
361,86415949,60
361,87016158,60
361,87616357,60
361,88216526,60
361,88816645,60
361,89416881,60
361,90017096,60
361,90617227,60
361,91217341,60
361,91817431,60
361,92417469,60
361,93017476,60
361,93617517,60
361,94217744,60
361,94817751,60
361,95417990,60
361,96018163,60
361,96618316,60
361,97218489,60
361,97818538,60
361,98418628,60
361,99018718,60
361,99618965,60
361,100218993,60
361,100819225,60
361,101419232,60
361,102019405,60
361,102619495,60
361,103219702,60
361,103819780,60
361,104419911,60
361,105019913,60
361,105620078,60
361,106220168,60
361,106820174,60
361,107420192,60
361,108020290,60
361,108620428,60
361,109220701,60
361,109820910,60
361,110420944,60
361,111021105,60
367,600057,1048
367,1200197,1048
367,1800403,1048
367,2400576,1048
367,3000918,1048
367,3601064,1048
367,4201307,1048
367,4801357,1048
367,5401918,1048
367,6002072,1048
367,6602173,1048
367,7202219,1048
367,7802375,1048
367,8402479,1048
367,9002524,1048
367,9602848,1048
367,10203035,1048
367,10803217,1048
367,11403621,1048
367,12003829,1048
367,12603897,1048
367,13203951,1048
367,13803988,1048
367,14404134,1048
367,15004253,1048
367,15604296,1048
367,16204406,1048
367,16804807,1048
367,17404840,1048
367,18004853,1048
367,18605210,1048
367,19205295,1048
367,19805479,1048
367,20405901,1048
367,21006103,1048
367,21606241,1048
367,22206271,1048
367,22806283,1048
367,23406424,1048
367,24006448,1048
367,24606573,1048
367,25206727,1048
367,25806932,1048
367,26406964,1048
367,27007106,1048
367,27607243,1048
367,28207621,1048
367,28807843,1048
367,29407845,1048
367,30007880,1048
367,30608066,1048
367,31208105,1048
367,31808226,1048
367,32408439,1048
367,33008600,1048
367,33608660,1048
367,34208861,1048
367,34808886,1048
367,35408907,1048
367,36008951,1048
367,36609203,1048
367,37209275,1048
367,37809408,1048
367,38409572,1048
367,39009622,1048
367,39609861,1048
367,40209908,1048
367,40810057,1048
367,41410070,1048
367,42010085,1048
367,42610146,1048
367,43210275,1048
367,43810509,1048
367,44410543,1048
367,45010689,1048
367,45610724,1048
367,46210909,1048
367,46811131,1048
367,47411316,1048
367,48011439,1048
367,48611582,1048
367,49211795,1048
367,49811810,1048
367,50412056,1048
367,51012257,1048
367,51612286,1048
367,52212438,1048
367,52812632,1048
367,53412778,1048
367,54012971,1048
367,54613048,1048
367,55213103,1048
367,55813261,1048
367,56413354,1048
367,57013558,1048
367,57613616,1048
367,58213808,1048
367,58813864,1048
367,59413983,1048
367,60014196,1048
367,60614334,1048
367,61214506,1048
367,61814612,1048
367,62414800,1048
367,63015198,1048
367,63615303,1048
367,64215462,1048
367,64815627,1048
367,65415699,1048
367,66015727,1048
367,66615832,1048
367,67215907,1048
367,67816013,1048
367,68416111,1048
367,69016330,1048
367,69616391,1048
367,70216491,1048
367,70816618,1048
367,71416657,1048
367,72016803,1048
367,72617019,1048
367,73217066,1048
367,73817111,1048
367,74417252,1048
367,75017402,1048
367,75617492,1048
367,76217515,1048
367,76817753,1048
367,77417794,1048
367,78017823,1048
367,78617917,1048
367,79218028,1048
367,79818179,1048
367,80418378,1048
367,81018458,1048
367,81618557,1048
367,82218732,1048
367,82818960,1048
367,83419083,1048
367,84019196,1048
367,84619377,1048
367,85219477,1048
367,85819791,1048
367,86419869,1048
367,87019873,1048
367,87620036,1048
367,88220065,1048
367,88820078,1048
367,89420202,1048
367,90020377,1048
367,90620447,1048
367,91220692,1048
367,91820819,1048
367,92420834,1048
367,93021035,1048
367,93621274,1048
367,94221379,1048
367,94821579,1048
367,95421647,1048
367,96021787,1048
367,96621842,1048
367,97221920,1048
367,97822032,1048
367,98422210,1048
367,99022390,1048
367,99622548,1048
367,100222581,1048
367,100822781,1048
367,101422980,1048
367,102023046,1048
367,102623065,1048
367,103223288,1048
367,103823450,1048
367,104423534,1048
367,105023658,1048
367,105623877,1048
367,106223884,1048
367,106824050,1048
367,107424083,1048
367,108024262,1048
367,108624330,1048
367,109224674,1048
367,109824848,1048
367,110424964,1048
367,111025079,1048
367,111625194,1048
367,112225260,1048
341,600082,1048
341,1200121,1048
341,1800487,1048
341,2400618,1048
341,3001002,1048
341,3601088,1048
341,4201307,1048
341,4801399,1048
341,5401702,1048
341,6001780,1048
341,6601993,1048
341,7202051,1048
341,7802169,1048
341,8402317,1048
341,9002444,1048
341,9602460,1048
341,10202621,1048
341,10802752,1048
341,11403169,1048
341,12003399,1048
341,12603435,1048
341,13203675,1048
341,13803848,1048
341,14403868,1048
341,15004277,1048
341,15604436,1048
341,16204438,1048
341,16804465,1048
341,17404522,1048
341,18004621,1048
341,18604671,1048
341,19204725,1048
341,19804975,1048
341,20405337,1048
341,21005541,1048
341,21605611,1048
341,22205919,1048
341,22805935,1048
341,23405983,1048
341,24006292,1048
341,24606348,1048
341,25206515,1048
341,25806635,1048
341,26407036,1048
341,27007231,1048
341,27607381,1048
341,28207409,1048
341,28807672,1048
341,29407737,1048
341,30007845,1048
341,30607852,1048
341,31207997,1048
341,31807998,1048
341,32408217,1048
341,33008402,1048
341,33608424,1048
341,34208619,1048
341,34808685,1048
341,35408703,1048
341,36008876,1048
341,36609074,1048
341,37209201,1048
341,37809468,1048
341,38409540,1048
341,39009628,1048
341,39609693,1048
341,40209812,1048
341,40809833,1048
341,41409842,1048
341,42009989,1048
341,42610131,1048
341,43210191,1048
341,43810362,1048
341,44410391,1048
341,45010434,1048
341,45610670,1048
341,46210691,1048
341,46810783,1048
341,47410911,1048
341,48011053,1048
341,48611098,1048
341,49211203,1048
341,49811292,1048
341,50411435,1048
341,51011524,1048
341,51611694,1048
341,52211920,1048
341,52812011,1048
341,53412216,1048
341,54012381,1048
341,54612540,1048
341,55212901,1048
341,55813108,1048
341,56413298,1048
341,57013370,1048
341,57613604,1048
341,58213994,1048
341,58814218,1048
341,59414398,1048
341,60014416,1048
341,60614796,1048
341,61214818,1048
341,61814985,1048
341,62415214,1048
341,63015630,1048
341,63615651,1048
341,64215835,1048
341,64815944,1048
341,65416199,1048
341,66016339,1048
341,66616468,1048
341,67216581,1048
341,67816909,1048
341,68416983,1048
341,69017083,1048
341,69617162,1048
341,70217396,1048
341,70817430,1048
341,71417518,1048
341,72017735,1048
341,72617847,1048
341,73217969,1048
341,73818061,1048
341,74418068,1048
341,75018342,1048
341,75618532,1048
341,76218629,1048
341,76818840,1048
341,77418974,1048
341,78019069,1048
341,78619130,1048
341,79219276,1048
341,79819503,1048
341,80419572,1048
341,81019718,1048
341,81619803,1048
341,82219901,1048
341,82820108,1048
341,83420375,1048
341,84020486,1048
341,84620557,1048
341,85220577,1048
341,85820866,1048
341,86420935,1048
341,87021113,1048
341,87621128,1048
341,88221135,1048
341,88821182,1048
341,89421392,1048
341,90021417,1048
341,90621653,1048
341,91221709,1048
341,91821788,1048
341,92422082,1048
341,93022647,1048
341,93622674,1048
341,94222713,1048
341,94823103,1048
341,95423333,1048
341,96023371,1048
341,96623769,1048
341,97223936,1048
341,97824036,1048
341,98424060,1048
341,99024100,1048
341,99624258,1048
341,100224445,1048
341,100824569,1048
341,101424648,1048
341,102024795,1048
341,102624859,1048
341,103224949,1048
341,103825106,1048
341,104425205,1048
341,105025212,1048
341,105625227,1048
341,106225660,1048
341,106825718,1048
341,107425807,1048
341,108025916,1048
341,108625929,1048
341,109226372,1048
341,109826454,1048
341,110426629,1048
341,111026795,1048
341,111626798,1048
341,112226909,1048
