371,600194,41627033
371,1200345,41627033
371,1800522,41627033
371,2400578,41627033
371,3000610,41627033
371,3600726,41627033
371,4200806,41627033
371,4801048,41627033
371,5401615,41627033
371,6001659,41627033
371,6601807,41627033
371,7201894,41627033
371,7801978,41627033
371,8402143,41627033
371,9002360,41627033
371,9602655,41627033
371,10202834,41627033
371,10802838,41627033
371,11402973,41627033
371,12003244,41627033
371,12603402,41627033
371,13203445,41627033
371,13803672,41627033
371,14403845,41627033
371,15003851,41627033
371,15603888,41627033
371,16204036,41627033
371,16804278,41627033
371,17404575,41627033
371,18004627,41627033
371,18604672,41627033
371,19204821,41627033
371,19805025,41627033
371,20405232,41627033
371,21005322,41627033
371,21605461,41627033
371,22205475,41627033
371,22805565,41627033
371,23405811,41627033
371,24005818,41627033
371,24606077,41627033
371,25206242,41627033
371,25806412,41627033
371,26406585,41627033
371,27006715,41627033
371,27606943,41627033
371,28207147,41627033
371,28807508,41627033
371,29407664,41627033
371,30007793,41627033
371,30607966,41627033
371,31208017,41627033
371,31808247,41627033
371,32408254,41627033
371,33008801,41627033
371,33608821,41627033
371,34208911,41627033
371,34809048,41627033
371,35409250,41627033
371,36009270,41627033
371,36609400,41627033
371,37209571,41627033
371,37809608,41627033
371,38409698,41627033
371,39009865,41627033
371,39609980,41627033
371,40210175,41627033
371,40810265,41627033
371,41410272,41627033
371,42010291,41627033
371,42610381,41627033
371,43210385,41627033
371,43810553,41627033
371,44410631,41627033
371,45010672,41627033
371,45610780,41627033
371,46210819,41627033
371,46810850,41627033
371,47411144,41627033
371,48011188,41627033
371,48611278,41627033
371,49211394,41627033
371,49811401,41627033
371,50411505,41627033
371,51011520,41627033
371,51611611,41627033
371,52211618,41627033
371,52811718,41627033
371,53411894,41627033
371,54011984,41627033
371,54612222,41627033
371,55212312,41627033
371,55812319,41627033
371,56412528,41627033
371,57012765,41627033
371,57612917,41627033
371,58212965,41627033
371,58813004,41627033
371,59413220,41627033
371,60013426,41627033
371,60613516,41627033
371,61213561,41627033
371,61813602,41627033
371,62413694,41627033
371,63013820,41627033
371,63613941,41627033
371,64214122,41627033
371,64814340,41627033
371,65414513,41627033
371,66014796,41627033
371,66614910,41627033
371,67214941,41627033
371,67815114,41627033
371,68415360,41627033
371,69015552,41627033
371,69615680,41627033
371,70215770,41627033
371,70815794,41627033
371,71415840,41627033
371,72015917,41627033
371,72616103,41627033
371,73216193,41627033
371,73816283,41627033
371,74416385,41627033
371,75016504,41627033
371,75616677,41627033
371,76216805,41627033
371,76817003,41627033
371,77417038,41627033
371,78017077,41627033
371,78617290,41627033
371,79217478,41627033
371,79817623,41627033
371,80417768,41627033
371,81018046,41627033
371,81618175,41627033
371,82218297,41627033
371,82818320,41627033
371,83418493,41627033
371,84018699,41627033
371,84618761,41627033
371,85219090,41627033
371,85819215,41627033
371,86419508,41627033
371,87019561,41627033
371,87619760,41627033
371,88219929,41627033
371,88820102,41627033
371,89420201,41627033
371,90020416,41627033
371,90620464,41627033
371,91220661,41627033
371,91820834,41627033
371,92421038,41627033
371,93021211,41627033
371,93621252,41627033
371,94221479,41627033
371,94821569,41627033
371,95421725,41627033
371,96021815,41627033
371,96621968,41627033
371,97221975,41627033
371,97822024,41627033
371,98422031,41627033
371,99022204,41627033
371,99622285,41627033
371,100222313,41627033
371,100822628,41627033
371,101422801,41627033
371,102022974,41627033
371,102622981,41627033
371,103223188,41627033
371,103823349,41627033
371,104423563,41627033
371,105023648,41627033
371,105623813,41627033
371,106223820,41627033
371,106823826,41627033
371,107423844,41627033
371,108023942,41627033
371,108623997,41627033
371,109224187,41627033
371,109824324,41627033
371,110424445,41627033
371,111024568,41627033
371,111624599,41627033
371,112224638,41627033
362,600192,39707612
362,1200326,39707612
362,1800339,39707612
362,2400395,39707612
362,3000802,39707612
362,3600959,39707612
362,4201209,39707612
362,4801340,39707612
362,5401540,39707612
362,6001721,39707612
362,6601866,39707612
362,7201919,39707612
362,7802013,39707612
362,8402112,39707612
362,9002131,39707612
362,9602226,39707612
362,10202231,39707612
362,10802273,39707612
362,11402666,39707612
362,12002764,39707612
362,12602892,39707612
362,13203004,39707612
362,13803112,39707612
362,14403259,39707612
362,15003555,39707612
362,15603615,39707612
362,16203627,39707612
362,16803766,39707612
362,17403899,39707612
362,18003959,39707612
362,18604081,39707612
362,19204250,39707612
362,19804315,39707612
362,20404441,39707612
362,21004492,39707612
362,21604558,39707612
362,22204678,39707612
362,22804871,39707612
362,23405053,39707612
362,24005178,39707612
362,24605308,39707612
362,25205487,39707612
362,25805666,39707612
362,26406191,39707612
362,27006387,39707612
362,27606446,39707612
362,28206617,39707612
362,28806678,39707612
362,29406691,39707612
362,30006695,39707612
362,30606805,39707612
362,31206977,39707612
362,31807039,39707612
362,32407199,39707612
362,33007264,39707612
362,33607295,39707612
362,34207583,39707612
362,34807625,39707612
362,35407771,39707612
362,36007777,39707612
362,36607916,39707612
362,37208165,39707612
362,37808354,39707612
362,38408550,39707612
362,39008787,39707612
362,39608904,39707612
362,40208948,39707612
362,40809096,39707612
362,41409122,39707612
362,42009312,39707612
362,42609387,39707612
362,43209534,39707612
362,43809585,39707612
362,44409586,39707612
362,45009780,39707612
362,45609843,39707612
362,46210245,39707612
362,46810436,39707612
362,47410625,39707612
362,48010762,39707612
362,48610998,39707612
362,49211010,39707612
362,49811012,39707612
362,50411297,39707612
362,51011310,39707612
362,51611412,39707612
362,52211553,39707612
362,52811676,39707612
362,53412013,39707612
362,54012071,39707612
362,54612220,39707612
362,55212335,39707612
362,55812380,39707612
362,56412516,39707612
362,57012622,39707612
362,57612629,39707612
362,58212637,39707612
362,58812826,39707612
362,59412947,39707612
362,60013114,39707612
362,60613501,39707612
362,61213690,39707612
362,61813764,39707612
362,62413952,39707612
362,63014234,39707612
362,63614254,39707612
362,64214424,39707612
362,64814478,39707612
362,65414529,39707612
362,66014749,39707612
362,66614791,39707612
362,67214949,39707612
362,67815264,39707612
362,68415814,39707612
362,69016018,39707612
362,69616191,39707612
362,70216265,39707612
362,70816454,39707612
362,71416580,39707612
362,72016625,39707612
362,72616746,39707612
362,73216873,39707612
362,73817069,39707612
362,74417325,39707612
362,75017402,39707612
362,75617482,39707612
362,76217670,39707612
362,76817939,39707612
362,77418142,39707612
362,78018165,39707612
362,78618257,39707612
362,79218455,39707612
362,79818591,39707612
362,80418617,39707612
362,81018851,39707612
362,81619058,39707612
362,82219103,39707612
362,82819122,39707612
362,83419439,39707612
362,84019491,39707612
362,84619504,39707612
362,85219540,39707612
362,85819624,39707612
362,86419671,39707612
362,87019823,39707612
362,87620018,39707612
362,88220209,39707612
362,88820376,39707612
362,89420439,39707612
362,90020550,39707612
362,90620801,39707612
362,91220833,39707612
362,91820835,39707612
362,92420872,39707612
362,93021196,39707612
362,93621287,39707612
362,94221447,39707612
362,94821637,39707612
362,95421757,39707612
362,96021826,39707612
362,96622100,39707612
362,97222392,39707612
362,97822551,39707612
362,98422656,39707612
362,99022870,39707612
362,99623039,39707612
362,100223136,39707612
362,100823149,39707612
362,101423413,39707612
362,102023591,39707612
362,102623633,39707612
362,103223893,39707612
362,103824105,39707612
362,104424249,39707612
362,105024427,39707612
362,105624572,39707612
362,106224884,39707612
362,106824890,39707612
362,107425002,39707612
362,108025111,39707612
362,108625193,39707612
362,109225227,39707612
362,109825312,39707612
362,110425435,39707612
362,111025454,39707612
342,600116,35100524
342,1200350,35100524
342,1800527,35100524
342,2400583,35100524
342,3000615,35100524
342,3600731,35100524
342,4200845,35100524
342,4801053,35100524
342,5401830,35100524
342,6001996,35100524
342,6602144,35100524
342,7202231,35100524
342,7802232,35100524
342,8402268,35100524
342,9002365,35100524
342,9602494,35100524
342,10202507,35100524
342,10802594,35100524
342,11402812,35100524
342,12003060,35100524
342,12603241,35100524
342,13203284,35100524
342,13803511,35100524
342,14403601,35100524
342,15003690,35100524
342,15603893,35100524
342,16204041,35100524
342,16804117,35100524
342,17404165,35100524
342,18004383,35100524
342,18604511,35100524
342,19204577,35100524
342,19804781,35100524
342,20404905,35100524
342,21004912,35100524
342,21605134,35100524
342,22205314,35100524
342,22805404,35100524
342,23405567,35100524
342,24005657,35100524
342,24605753,35100524
342,25205832,35100524
342,25805919,35100524
342,26406009,35100524
342,27006139,35100524
342,27606201,35100524
342,28206239,35100524
342,28806351,35100524
342,29406424,35100524
342,30006553,35100524
342,30606726,35100524
342,31206777,35100524
342,31807007,35100524
342,32407097,35100524
342,33007327,35100524
342,33607415,35100524
342,34207505,35100524
342,34807593,35100524
342,35407595,35100524
342,36007615,35100524
342,36607828,35100524
342,37207999,35100524
342,37808119,35100524
342,38408126,35100524
342,39008127,35100524
342,39608347,35100524
342,40208354,35100524
342,40808444,35100524
342,41408617,35100524
342,42008636,35100524
342,42608643,35100524
342,43208647,35100524
342,43808909,35100524
342,44409059,35100524
342,45009266,35100524
342,45609291,35100524
342,46209330,35100524
342,46809444,35100524
342,47409738,35100524
342,48009865,35100524
342,48609872,35100524
342,49210154,35100524
342,49810327,35100524
342,50410431,35100524
342,51010612,35100524
342,51610620,35100524
342,52210793,35100524
342,52810893,35100524
342,53410903,35100524
342,54010910,35100524
342,54611148,35100524
342,55211321,35100524
342,55811494,35100524
342,56411620,35100524
342,57011691,35100524
342,57611760,35100524
342,58211891,35100524
342,58811930,35100524
342,59412229,35100524
342,60012435,35100524
342,60612525,35100524
342,61212653,35100524
342,61812860,35100524
342,62412869,35100524
342,63013078,35100524
342,63613116,35100524
342,64213131,35100524
342,64813349,35100524
342,65413522,35100524
342,66013810,35100524
342,66613836,35100524
342,67213950,35100524
342,67814123,35100524
342,68414203,35100524
342,69014395,35100524
342,69614606,35100524
342,70214696,35100524
342,70814836,35100524
342,71414849,35100524
342,72015092,35100524
342,72615195,35100524
342,73215285,35100524
342,73815292,35100524
342,74415311,35100524
342,75015513,35100524
342,75615603,35100524
342,76215814,35100524
342,76816012,35100524
342,77416130,35100524
342,78016252,35100524
342,78616382,35100524
342,79216487,35100524
342,79816632,35100524
342,80416860,35100524
342,81017045,35100524
342,81617267,35100524
342,82217472,35100524
342,82817495,35100524
342,83417502,35100524
342,84017708,35100524
342,84617936,35100524
342,85218182,35100524
342,85818224,35100524
342,86418363,35100524
342,87018404,35100524
342,87618520,35100524
342,88218772,35100524
342,88818789,35100524
342,89418795,35100524
342,90019010,35100524
342,90619141,35100524
342,91219172,35100524
342,91819262,35100524
342,92419466,35100524
342,93019722,35100524
342,93619763,35100524
342,94219824,35100524
342,94819831,35100524
342,95419987,35100524
342,96020077,35100524
342,96620313,35100524
342,97220320,35100524
342,97820535,35100524
342,98420542,35100524
342,99020549,35100524
342,99620796,35100524
342,100220907,35100524
342,100820973,35100524
342,101420980,35100524
342,102021070,35100524
342,102621160,35100524
342,103221201,35100524
342,103821362,35100524
342,104421493,35100524
342,105021578,35100524
342,105621660,35100524
342,106221833,35100524
342,106822005,35100524
342,107422106,35100524
342,108022204,35100524
342,108622342,35100524
342,109222532,35100524
342,109822725,35100524
342,110422746,35100524
342,111022865,35100524
342,111622976,35100524
342,112223127,35100524
374,600111,42317948
374,1200262,42317948
374,1800356,42317948
374,2400495,42317948
374,3000527,42317948
374,3600643,42317948
374,4200717,42317948
374,4800965,42317948
374,5400984,42317948
374,6001078,42317948
374,6601392,42317948
374,7201396,42317948
374,7801563,42317948
374,8401685,42317948
374,9001696,42317948
374,9601908,42317948
374,10202004,42317948
374,10802174,42317948
374,11402226,42317948
374,12002474,42317948
374,12602489,42317948
374,13202615,42317948
374,13802676,42317948
374,14402683,42317948
374,15002772,42317948
374,15602809,42317948
374,16202874,42317948
374,16803033,42317948
374,17403081,42317948
374,18003299,42317948
374,18603344,42317948
374,19203410,42317948
374,19803614,42317948
374,20403821,42317948
374,21003994,42317948
374,21604216,42317948
374,22204230,42317948
374,22804237,42317948
374,23404400,42317948
374,24004573,42317948
374,24605008,42317948
374,25205163,42317948
374,25805250,42317948
374,26405340,42317948
374,27005470,42317948
374,27605615,42317948
374,28205736,42317948
374,28805765,42317948
374,29405838,42317948
374,30005967,42317948
374,30606057,42317948
374,31206191,42317948
374,31806338,42317948
374,32406345,42317948
374,33006409,42317948
374,33606580,42317948
374,34206753,42317948
374,34806758,42317948
374,35406843,42317948
374,36006946,42317948
374,36607159,42317948
374,37207164,42317948
374,37807284,42317948
374,38407291,42317948
374,39007375,42317948
374,39607487,42317948
374,40207519,42317948
374,40807609,42317948
374,41407782,42317948
374,42007801,42317948
374,42607974,42317948
374,43207978,42317948
374,43808074,42317948
374,44408224,42317948
374,45008431,42317948
374,45608456,42317948
374,46208661,42317948
374,46808775,42317948
374,47408903,42317948
374,48009030,42317948
374,48609203,42317948
374,49209236,42317948
374,49809243,42317948
374,50409264,42317948
374,51009445,42317948
374,51609453,42317948
374,52209626,42317948
374,52809726,42317948
374,53409985,42317948
374,54009992,42317948
374,54610230,42317948
374,55210237,42317948
374,55810327,42317948
374,56410370,42317948
374,57010524,42317948
374,57610593,42317948
374,58210807,42317948
374,58811012,42317948
374,59411145,42317948
374,60011268,42317948
374,60611358,42317948
374,61211486,42317948
374,61811527,42317948
374,62411536,42317948
374,63011662,42317948
374,63611700,42317948
374,64211715,42317948
374,64811767,42317948
374,65411940,42317948
374,66012157,42317948
374,66612254,42317948
374,67212285,42317948
374,67812292,42317948
374,68412621,42317948
374,69012813,42317948
374,69612858,42317948
374,70212865,42317948
374,70813139,42317948
374,71413267,42317948
374,72013510,42317948
374,72613696,42317948
374,73213703,42317948
374,73813710,42317948
374,74413729,42317948
374,75013765,42317948
374,75613772,42317948
374,76213900,42317948
374,76813932,42317948
374,77414133,42317948
374,78014172,42317948
374,78614302,42317948
374,79214324,42317948
374,79814552,42317948
374,80414614,42317948
374,81014850,42317948
374,81614938,42317948
374,82215143,42317948
374,82815249,42317948
374,83415256,42317948
374,84015379,42317948
374,84615441,42317948
374,85215604,42317948
374,85815729,42317948
374,86415734,42317948
374,87015743,42317948
374,87615776,42317948
374,88215945,42317948
374,88816034,42317948
374,89416134,42317948
374,90016266,42317948
374,90616397,42317948
374,91216594,42317948
374,91816767,42317948
374,92416888,42317948
374,93016895,42317948
374,93616936,42317948
374,94217080,42317948
374,94817170,42317948
374,95417326,42317948
374,96017333,42317948
374,96617486,42317948
374,97217493,42317948
374,97817708,42317948
374,98417798,42317948
374,99017971,42317948
374,99618135,42317948
374,100218329,42317948
374,100818478,42317948
374,101418568,42317948
374,102018575,42317948
374,102618582,42317948
374,103218706,42317948
374,103818950,42317948
374,104419081,42317948
374,105019166,42317948
374,105619248,42317948
374,106219255,42317948
374,106819344,42317948
374,107419528,42317948
374,108019626,42317948
374,108619764,42317948
374,109219954,42317948
352,600107,37404562
352,1200174,37403574
352,1800185,37403574
352,2400295,37404562
352,3000439,37403574
352,3600555,37403574
352,4200769,37404562
352,4800794,37403574
352,5400997,37403574
352,6001058,37404562
352,6601138,37403574
352,7201308,37403574
352,7801392,37403574
352,8401434,37404562
352,9001442,37403574
352,9601571,37403574
352,10201635,37404562
352,10801637,37404562
352,11401640,37403574
352,12001732,37404562
352,12601820,37403574
352,13202112,37403574
352,13802188,37404562
352,14402239,37404562
352,15002435,37403574
352,15602472,37403574
352,16202645,37404562
352,16802696,37403574
352,17402744,37403574
352,18002759,37404562
352,18602856,37404562
352,19202882,37404562
352,19802917,37404562
352,20402986,37403574
352,21003076,37403574
352,21603173,37404562
352,22203178,37404562
352,22803319,37403574
352,23403385,37404562
352,24003489,37403574
352,24603558,37404562
352,25203693,37404562
352,25803834,37403574
352,26403841,37403574
352,27004007,37404562
352,27604033,37403574
352,28204071,37403574
352,28804093,37404562
352,29404256,37403574
352,30004302,37403574
352,30604392,37403574
352,31204461,37404562
352,31804603,37404562
352,32404680,37403574
352,33004692,37403574
352,33604749,37403574
352,34204839,37403574
352,34804981,37404562
352,35405001,37404562
352,36005032,37403574
352,36605079,37403574
352,37205084,37403574
352,37805204,37403574
352,38405211,37403574
352,39005292,37404562
352,39605605,37403574
352,40205612,37404562
352,40805769,37404562
352,41405951,37403574
352,42005970,37403574
352,42605977,37403574
352,43205981,37403574
352,43806126,37403574
352,44406259,37404562
352,45006315,37404562
352,45606363,37404562
352,46206385,37404562
352,46806418,37404562
352,47406433,37404562
352,48006618,37403574
352,48606621,37404562
352,49206630,37404562
352,49806664,37404562
352,50406759,37404562
352,51006950,37403574
352,51606972,37404562
352,52207048,37403574
352,52807148,37403574
352,53407241,37403574
352,54007331,37403574
352,54607486,37403574
352,55207580,37404562
352,55807666,37403574
352,56407684,37404562
352,57007780,37403574
352,57607829,37404562
352,58208183,37404562
352,58808185,37403574
352,59408235,37403574
352,60008275,37403574
352,60608365,37403574
352,61208493,37403574
352,61808534,37403574
352,62408543,37403574
352,63008752,37403574
352,63608854,37404562
352,64208952,37404562
352,64809076,37404562
352,65409196,37403574
352,66009237,37404562
352,66609344,37403574
352,67209417,37404562
352,67809465,37403574
352,68409545,37403574
352,69009592,37404562
352,69609616,37403574
352,70209623,37403574
352,70809756,37404562
352,71409886,37404562
352,72009962,37404562
352,72610091,37404562
352,73210105,37404562
352,73810217,37404562
352,74410238,37403574
352,75010274,37403574
352,75610294,37404562
352,76210409,37403574
352,76810441,37403574
352,77410554,37404562
352,78010681,37403574
352,78610814,37404562
352,79210833,37403574
352,79810978,37403574
352,80411206,37403574
352,81011351,37404562
352,81611364,37403574
352,82211455,37404562
352,82811596,37404562
352,83411765,37403574
352,84011859,37404562
352,84611867,37403574
352,85211947,37403574
352,85811950,37404562
352,86412149,37403574
352,87012233,37404562
352,87612254,37404562
352,88212305,37404562
352,88812321,37404562
352,89412395,37404562
352,90012405,37404562
352,90612491,37403574
352,91212565,37404562
352,91812585,37404562
352,92412716,37404562
352,93012740,37403574
352,93612781,37403574
352,94212961,37404562
352,94813082,37404562
352,95413141,37404562
352,96013246,37404562
352,96613248,37403574
352,97213255,37403574
352,97813359,37404562
352,98413394,37404562
352,99013401,37403574
352,99613437,37404562
352,100213510,37403574
352,100813651,37404562
352,101413749,37403574
352,102013756,37403574
352,102613763,37403574
352,103213804,37403574
352,103813973,37404562
352,104413994,37404562
352,105014015,37403574
352,105614126,37404562
352,106214160,37404562
352,106814190,37403574
352,107414242,37404562
352,108014289,37404562
352,108614323,37404562
352,109214388,37403574
352,109814440,37403574
352,110414527,37403574
352,111014558,37403574
354,600106,37864184
354,1200340,37864184
354,1800600,37864184
354,2400822,37864184
354,3000937,37864184
354,3601136,37864184
354,4201336,37864184
354,4801375,37864184
354,5401418,37864184
354,6001571,37864184
354,6601719,37864184
354,7201806,37864184
354,7801890,37864184
354,8402018,37864184
354,9002106,37864184
354,9602235,37864184
354,10202331,37864184
354,10802335,37864184
354,11402470,37864184
354,12002575,37864184
354,12602650,37864184
354,13202859,37864184
354,13803086,37864184
354,14403093,37864184
354,15003099,37864184
354,15603219,37864184
354,16203284,37864184
354,16803526,37864184
354,17403574,37864184
354,18003626,37864184
354,18603671,37864184
354,19203820,37864184
354,19804024,37864184
354,20404231,37864184
354,21004321,37864184
354,21604460,37864184
354,22204474,37864184
354,22804564,37864184
354,23404810,37864184
354,24004817,37864184
354,24605076,37864184
354,25205241,37864184
354,25805411,37864184
354,26405584,37864184
354,27005714,37864184
354,27605942,37864184
354,28206146,37864184
354,28806507,37864184
354,29406663,37864184
354,30006792,37864184
354,30606965,37864184
354,31207016,37864184
354,31807246,37864184
354,32407253,37864184
354,33007800,37864184
354,33607820,37864184
354,34207910,37864184
354,34808047,37864184
354,35408249,37864184
354,36008269,37864184
354,36608399,37864184
354,37208570,37864184
354,37808607,37864184
354,38408697,37864184
354,39008864,37864184
354,39608979,37864184
354,40209174,37864184
354,40809264,37864184
354,41409271,37864184
354,42009290,37864184
354,42609380,37864184
354,43209384,37864184
354,43809552,37864184
354,44409630,37864184
354,45009671,37864184
354,45609779,37864184
354,46209818,37864184
354,46809849,37864184
354,47410143,37864184
354,48010187,37864184
354,48610277,37864184
354,49210393,37864184
354,49810400,37864184
354,50410504,37864184
354,51010519,37864184
354,51610610,37864184
354,52210617,37864184
354,52810717,37864184
354,53410893,37864184
354,54010983,37864184
354,54611221,37864184
354,55211311,37864184
354,55811318,37864184
354,56411527,37864184
354,57011764,37864184
354,57611916,37864184
354,58211964,37864184
354,58812003,37864184
354,59412219,37864184
354,60012425,37864184
354,60612515,37864184
354,61212560,37864184
354,61812601,37864184
354,62412693,37864184
354,63012819,37864184
354,63612940,37864184
354,64213121,37864184
354,64813339,37864184
354,65413512,37864184
354,66013795,37864184
354,66613909,37864184
354,67213940,37864184
354,67814113,37864184
354,68414359,37864184
354,69014551,37864184
354,69614679,37864184
354,70214769,37864184
354,70814793,37864184
354,71414839,37864184
354,72014916,37864184
354,72615102,37864184
354,73215192,37864184
354,73815282,37864184
354,74415384,37864184
354,75015503,37864184
354,75615676,37864184
354,76215804,37864184
354,76816002,37864184
354,77416037,37864184
354,78016076,37864184
354,78616289,37864184
354,79216477,37864184
354,79816622,37864184
354,80416767,37864184
354,81017045,37864184
354,81617174,37864184
354,82217296,37864184
354,82817319,37864184
354,83417492,37864184
354,84017698,37864184
354,84617760,37864184
354,85218089,37864184
354,85818214,37864184
354,86418507,37864184
354,87018560,37864184
354,87618759,37864184
354,88218928,37864184
354,88819101,37864184
354,89419200,37864184
354,90019415,37864184
354,90619463,37864184
354,91219660,37864184
354,91819833,37864184
354,92420037,37864184
354,93020210,37864184
354,93620251,37864184
354,94220478,37864184
354,94820568,37864184
354,95420724,37864184
354,96020814,37864184
354,96620967,37864184
354,97220974,37864184
354,97821023,37864184
354,98421030,37864184
354,99021203,37864184
354,99621284,37864184
354,100221312,37864184
354,100821627,37864184
354,101421800,37864184
354,102021973,37864184
354,102621980,37864184
354,103222187,37864184
354,103822348,37864184
354,104422562,37864184
354,105022647,37864184
354,105622812,37864184
354,106222819,37864184
354,106822825,37864184
354,107422843,37864184
354,108022941,37864184
354,108622996,37864184
354,109223186,37864184
354,109823323,37864184
354,110423444,37864184
354,111023567,37864184
354,111623598,37864184
354,112223637,37864184
373,600004,42088631
373,1200045,42088631
373,1800202,42088631
373,2400345,42088631
373,3000448,42088631
373,3600506,42088631
373,4200633,42088631
373,4800746,42088631
373,5401372,42088631
373,6001373,42088631
373,6601394,42088631
373,7201452,42088631
373,7801463,42088631
373,8401688,42088631
373,9001849,42088631
373,9601970,42088631
373,10202116,42088631
373,10802262,42088631
373,11402422,42088631
373,12002483,42088631
373,12602484,42088631
373,13202505,42088631
373,13802780,42088631
373,14402829,42088631
373,15003067,42088631
373,15603242,42088631
373,16203408,42088631
373,16803769,42088631
373,17403893,42088631
373,18004051,42088631
373,18604329,42088631
373,19204496,42088631
373,19804542,42088631
373,20404785,42088631
373,21004908,42088631
373,21605080,42088631
373,22205291,42088631
373,22805517,42088631
373,23405633,42088631
373,24005837,42088631
373,24606068,42088631
373,25206139,42088631
373,25806342,42088631
373,26406606,42088631
373,27006780,42088631
373,27606958,42088631
373,28207026,42088631
373,28807064,42088631
373,29407212,42088631
373,30007331,42088631
373,30607339,42088631
373,31207537,42088631
373,31807695,42088631
373,32407916,42088631
373,33008114,42088631
373,33608162,42088631
373,34208548,42088631
373,34808747,42088631
373,35408897,42088631
373,36009035,42088631
373,36609050,42088631
373,37209315,42088631
373,37809455,42088631
373,38409473,42088631
373,39009574,42088631
373,39609744,42088631
373,40209880,42088631
373,40810076,42088631
373,41410120,42088631
373,42010212,42088631
373,42610264,42088631
373,43210476,42088631
373,43810690,42088631
373,44410874,42088631
373,45010884,42088631
373,45611069,42088631
373,46211164,42088631
373,46811270,42088631
373,47411423,42088631
373,48011701,42088631
373,48611715,42088631
373,49211761,42088631
373,49811883,42088631
373,50412028,42088631
373,51012091,42088631
373,51612286,42088631
373,52212456,42088631
373,52812721,42088631
373,53412857,42088631
373,54012960,42088631
373,54613181,42088631
373,55213510,42088631
373,55813564,42088631
373,56413624,42088631
373,57013723,42088631
373,57613782,42088631
373,58213899,42088631
373,58814006,42088631
373,59414031,42088631
373,60014180,42088631
373,60614400,42088631
373,61214587,42088631
373,61814620,42088631
373,62414756,42088631
373,63014884,42088631
373,63615048,42088631
373,64215049,42088631
373,64815192,42088631
373,65415380,42088631
373,66015564,42088631
373,66615691,42088631
373,67215759,42088631
373,67815978,42088631
373,68416137,42088631
373,69016265,42088631
373,69616389,42088631
373,70216681,42088631
373,70816703,42088631
373,71416850,42088631
373,72016859,42088631
373,72616868,42088631
373,73216935,42088631
373,73817031,42088631
373,74417056,42088631
373,75017084,42088631
373,75617151,42088631
373,76217239,42088631
373,76817288,42088631
373,77417525,42088631
373,78017623,42088631
373,78617795,42088631
373,79217932,42088631
373,79818011,42088631
373,80418445,42088631
373,81018487,42088631
373,81618500,42088631
373,82218617,42088631
373,82818669,42088631
373,83418879,42088631
373,84018949,42088631
373,84619066,42088631
373,85219195,42088631
373,85819417,42088631
373,86419496,42088631
373,87019569,42088631
373,87619626,42088631
373,88219940,42088631
373,88820201,42088631
373,89420223,42088631
373,90020265,42088631
373,90620308,42088631
373,91220544,42088631
373,91820624,42088631
373,92420768,42088631
373,93020775,42088631
373,93620873,42088631
373,94220927,42088631
373,94821252,42088631
373,95421449,42088631
373,96021573,42088631
373,96621752,42088631
373,97222195,42088631
373,97822349,42088631
373,98422384,42088631
373,99022637,42088631
373,99622743,42088631
373,100222929,42088631
373,100823137,42088631
373,101423612,42088631
373,102023694,42088631
373,102623916,42088631
373,103224222,42088631
373,103824303,42088631
373,104424337,42088631
373,105024512,42088631
373,105624712,42088631
373,106225193,42088631
373,106825396,42088631
373,107425425,42088631
373,108025609,42088631
373,108625702,42088631
373,109225761,42088631
340,600056,34486790
340,1200111,34486790
340,1800112,34485802
340,2400168,34485802
340,3000532,34485802
340,3600635,34486790
340,4200762,34485802
340,4800872,34486790
340,5401122,34486790
340,6001166,34485802
340,6601322,34486790
340,7201401,34485802
340,7801485,34485802
340,8401658,34486790
340,9001678,34486790
340,9601747,34485802
340,10201817,34486790
340,10801989,34486790
340,11402148,34485802
340,12002200,34486790
340,12602252,34486790
340,13202355,34486790
340,13802515,34485802
340,14402688,34485802
340,15002694,34485802
340,15602791,34486790
340,16202796,34485802
340,16803007,34486790
340,17403072,34486790
340,18003124,34486790
340,18603183,34485802
340,19203230,34486790
340,19803295,34486790
340,20403328,34485802
340,21003418,34485802
340,21603538,34486790
340,22203658,34486790
340,22803661,34485802
340,23403824,34485802
340,24003845,34486790
340,24603880,34485802
340,25204006,34485802
340,25804079,34486790
340,26404101,34486790
340,27004147,34485802
340,27604286,34486790
340,28204330,34485802
340,28804359,34485802
340,29404453,34486790
340,30004505,34486790
340,30604564,34486790
340,31204619,34485802
340,31804675,34486790
340,32404773,34485802
340,33004869,34486790
340,33604924,34486790
340,34204979,34486790
340,34804985,34485802
340,35405022,34485802
340,36005042,34485802
340,36605060,34486790
340,37205177,34485802
340,37805214,34485802
340,38405304,34485802
340,39005305,34485802
340,39605456,34486790
340,40205552,34486790
340,40805619,34486790
340,41405622,34486790
340,42005731,34485802
340,42605738,34485802
340,43205825,34485802
340,43805912,34485802
340,44405988,34485802
340,45006029,34485802
340,45606123,34486790
340,46206259,34485802
340,46806373,34485802
340,47406413,34486790
340,48006570,34486790
340,48606637,34486790
340,49206790,34486790
340,49806820,34486790
340,50406945,34485802
340,51007126,34485802
340,51607134,34485802
340,52207235,34486790
340,52807323,34486790
340,53407500,34485802
340,54007590,34485802
340,54607654,34486790
340,55207850,34486790
340,55808174,34485802
340,56408300,34485802
340,57008402,34486790
340,57608505,34486790
340,58208737,34485802
340,58808759,34486790
340,59408912,34486790
340,60009032,34485802
340,60609039,34485802
340,61209084,34485802
340,61809208,34485802
340,62409300,34485802
340,63009426,34485802
340,63609596,34486790
340,64209680,34486790
340,64809697,34485802
340,65409787,34485802
340,66009951,34485802
340,66609952,34486790
340,67210049,34485802
340,67810222,34485802
340,68410302,34485802
340,69010399,34486790
340,69610532,34486790
340,70210546,34485802
340,70810667,34486790
340,71410688,34486790
340,72010694,34486790
340,72610796,34485802
340,73210897,34486790
340,73811019,34486790
340,74411161,34485802
340,75011363,34485802
340,75611494,34486790
340,76211629,34486790
340,76811696,34485802
340,77411731,34485802
340,78011770,34485802
340,78611812,34486790
340,79211817,34486790
340,79811865,34486790
340,80411983,34486790
340,81012065,34485802
340,81612102,34486790
340,82212173,34486790
340,82812183,34485802
340,83412190,34485802
340,84012291,34486790
340,84612458,34485802
340,85212545,34486790
340,85812556,34486790
340,86412601,34486790
340,87012653,34486790
340,87612654,34486790
340,88212713,34485802
340,88812756,34486790
340,89412827,34486790
340,90012900,34486790
340,90612916,34485802
340,91213030,34485802
340,91813120,34485802
340,92413156,34486790
340,93013165,34485802
340,93613168,34486790
340,94213184,34485802
340,94813191,34485802
340,95413291,34486790
340,96013318,34486790
340,96613341,34485802
340,97213348,34485802
340,97813397,34485802
340,98413488,34486790
340,99013600,34486790
340,99613657,34486790
340,100213731,34486790
340,100813835,34485802
340,101413842,34485802
340,102013849,34485802
340,102613856,34485802
340,103213897,34485802
340,103814109,34486790
340,104414189,34485802
340,105014239,34486790
340,105614426,34486790
340,106214612,34485802
340,106814692,34485802
340,107414719,34485802
340,108014809,34486790
340,108614872,34485802
340,109215062,34485802
340,109815091,34485802
340,110415211,34486790
340,111015308,34486790
343,600033,35330829
343,1200200,35331817
343,1800282,35331817
343,2400387,35331817
343,3000449,35330829
343,3600565,35330829
343,4200579,35331817
343,4800638,35330829
343,5401091,35330829
343,6001165,35331817
343,6601314,35330829
343,7201318,35330829
343,7801402,35330829
343,8401518,35330829
343,9001618,35330829
343,9601830,35330829
343,10201926,35330829
343,10801930,35330829
343,11401982,35330829
343,12002054,35330829
343,12602067,35331817
343,13202371,35330829
343,13802396,35331817
343,14402490,35331817
343,15002528,35330829
343,15602710,35331817
343,16202713,35330829
343,16802749,35331817
343,17402837,35330829
343,18002972,35330829
343,18603017,35330829
343,19203026,35331817
343,19803038,35330829
343,20403079,35330829
343,21003252,35331817
343,21603268,35331817
343,22203322,35330829
343,22803329,35330829
343,23403401,35331817
343,24003416,35330829
343,24603797,35330829
343,25203974,35331817
343,25804052,35331817
343,26404100,35330829
343,27004104,35331817
343,27604188,35331817
343,28204358,35331817
343,28804428,35331817
343,29404432,35330829
343,30004478,35330829
343,30604568,35330829
343,31204661,35331817
343,31804665,35331817
343,32404690,35330829
343,33004724,35330829
343,33604759,35330829
343,34204932,35330829
343,34805108,35331817
343,35405271,35330829
343,36005415,35331817
343,36605502,35331817
343,37205509,35330829
343,37805536,35331817
343,38405719,35330829
343,39005866,35331817
343,39605998,35330829
343,40206184,35331817
343,40806200,35331817
343,41406296,35331817
343,42006312,35330829
343,42606319,35331817
343,43206323,35330829
343,43806373,35330829
343,44406420,35331817
343,45006527,35330829
343,45606552,35330829
343,46206568,35331817
343,46806622,35330829
343,47406723,35331817
343,48006960,35330829
343,48607050,35330829
343,49207159,35331817
343,49807215,35331817
343,50407277,35330829
343,51007292,35330829
343,51607300,35330829
343,52207473,35330829
343,52807573,35330829
343,53407583,35330829
343,54007673,35330829
343,54607701,35331817
343,55207752,35330829
343,55807756,35331817
343,56407802,35330829
343,57007843,35331817
343,57607866,35331817
343,58207990,35330829
343,58808029,35330829
343,59408043,35331817
343,60008077,35331817
343,60608088,35331817
343,61208254,35330829
343,61808295,35330829
343,62408387,35330829
343,63008596,35330829
343,63608628,35331817
343,64208649,35330829
343,64808836,35331817
343,65408855,35331817
343,66008939,35330829
343,66609001,35331817
343,67209014,35331817
343,67809015,35331817
343,68409057,35330829
343,69009166,35330829
343,69609317,35331817
343,70209467,35330829
343,70809618,35331817
343,71409692,35331817
343,72009697,35330829
343,72609762,35331817
343,73209807,35330829
343,73809814,35330829
343,74409833,35330829
343,75009952,35330829
343,75609959,35330829
343,76209997,35331817
343,76810064,35331817
343,77410071,35330829
343,78010243,35331817
343,78610307,35331817
343,79210329,35331817
343,79810413,35331817
343,80410552,35330829
343,81010785,35331817
343,81610830,35331817
343,82210973,35331817
343,82810989,35331817
343,83411001,35331817
343,84011150,35331817
343,84611213,35330829
343,85211376,35330829
343,85811497,35331817
343,86411532,35331817
343,87011557,35331817
343,87611631,35330829
343,88211717,35330829
343,88811722,35330829
343,89411740,35330829
343,90011789,35330829
343,90611809,35331817
343,91211934,35331817
343,91811937,35331817
343,92412107,35331817
343,93012135,35331817
343,93612210,35330829
343,94212221,35331817
343,94812444,35330829
343,95412517,35330829
343,96012524,35330829
343,96612594,35330829
343,97212767,35330829
343,97812816,35330829
343,98412872,35331817
343,99012996,35330829
343,99613211,35331817
343,100213224,35331817
343,100813254,35330829
343,101413427,35330829
343,102013488,35331817
343,102613497,35331817
343,103213677,35331817
343,103813763,35331817
343,104413813,35331817
343,105013839,35331817
343,105613858,35330829
343,106213865,35330829
343,106813888,35331817
343,107414055,35330829
343,108014070,35330829
343,108614291,35330829
343,109214517,35331817
320,600012,231939866
320,1200023,231938878
320,1800034,246947534
320,2400075,246948522
320,3000122,342547198
320,3600137,297544762
320,4200162,297543774
320,4800202,297544762
320,5400263,297544762
320,6000341,297543774
320,6600406,317631806
320,7200410,317631806
320,7800411,317631806
320,8400439,317632794
320,9000461,303866334
320,9600507,303866334
320,10200520,303866334
320,10800524,303866334
320,11400576,303866334
320,12000589,303866334
320,12600590,303866334
320,13200593,262532538
320,13800600,262531550
320,14400618,262531550
320,15000624,262531550
320,15600632,262532538
320,16200643,262531550
320,16800682,262532538
320,17400684,262531550
320,18000736,262531550
320,18600765,262532538
320,19200780,262532538
320,19800787,342610010
320,20400843,342609022
320,21000850,342609022
320,21600853,342610010
320,22200891,342610010
320,22800905,342610010
320,23400910,342610010
320,24000931,342609022
320,24601007,342609022
320,25201023,342609022
320,25801027,342609022
320,26401034,284896942
320,27001081,284896942
320,27601143,284896942
320,28201156,284897930
320,28801210,284896942
320,29401245,284897930
320,30001246,284896942
320,30601253,284896942
320,31201277,284897930
320,31801285,284896942
320,32401292,284896942
320,33001299,284896942
320,33601328,284897930
320,34201368,284896942
320,34801386,284897930
320,35401457,284897930
320,36001469,284897930
320,36601520,284897930
320,37201530,284896942
320,37801562,284897930
320,38401574,284896942
320,39001575,230905518
320,39601604,230905518
320,40201631,230906506
320,40801643,232697054
320,41401650,232697054
320,42001669,232697054
320,42601674,232698042
320,43201680,232697054
320,43801682,232698042
320,44401750,232698042
320,45001764,232698042
320,45601803,232698042
320,46201861,232698042
320,46801896,232697054
320,47401896,232698042
320,48001902,232697054
320,48601909,232697054
320,49201942,232697054
320,49801949,232697054
320,50401970,232697054
320,51001985,232697054
320,51601993,287828990
320,52202000,287828990
320,52802017,287828990
320,53402027,287828990
320,54002034,287828990
320,54602048,287829978
320,55202065,287829978
320,55802074,287829978
320,56402080,287828990
320,57002143,287829978
320,57602220,287828990
320,58202268,287828990
320,58802307,287828990
320,59402308,287829978
320,60002314,287828990
320,60602321,287828990
320,61202366,287828990
320,61802405,287829978
320,62402412,287829978
320,63002459,287828990
320,63602497,287828990
320,64202512,287828990
320,64802558,287829978
320,65402571,287828990
320,66002636,287828990
320,66602636,287828990
320,67202667,287828990
320,67802674,287828990
320,68402719,287829978
320,69002780,287828990
320,69602809,287829978
320,70202832,287828990
320,70802837,287829978
320,71402902,287828990
320,72002942,287829978
320,72602967,287829978
320,73203006,287828990
320,73803013,287828990
320,74403032,287828990
320,75003068,287828990
320,75603075,287828990
320,76203098,287829978
320,76803122,287829978
320,77403187,287828990
320,78003226,233581982
320,78603273,232302238
320,79203286,287604250
320,79803357,342007246
320,80403419,342007246
320,81003463,342008234
320,81603494,342007246
320,82203513,342008234
320,82803531,342008234
320,83403563,342007246
320,84003603,342007246
320,84603622,342008234
320,85203638,342008234
320,85803704,342007246
320,86403745,342007246
320,87003801,342007246
320,87603826,342008234
320,88203837,342007246
320,88803907,342007246
320,89403933,342008234
320,90003992,342007246
320,90604040,342007246
320,91204071,342007246
320,91804078,342007246
320,92404116,342007246
320,93004123,342007246
320,93604133,342008234
320,94204142,342007246
320,94804149,342007246
320,95404168,342008234
320,96004189,342008234
320,96604213,342008234
320,97204223,342007246
320,97804272,342007246
320,98404279,342007246
320,99004286,342007246
320,99604362,342008234
320,100204395,342007246
320,100804447,342008234
320,101404468,342007246
320,102004475,342007246
320,102604482,230061070
320,103204523,328914254
320,103804601,328914254
320,104404605,328915242
320,105004651,328914254
320,105604677,328915242
320,106204740,328914254
320,106804782,328914254
320,107404847,328914254
320,108004862,328914254
320,108604882,328915242
320,109204941,328914254
320,109804958,328915242
320,110404987,328915242
320,111004993,328915242
320,111605114,328915242
320,112205131,328914254
353,600032,37634867
353,1200037,37634867
353,1800319,37634867
353,2400357,37634867
353,3000834,37634867
353,3600866,37634867
353,4201052,37634867
353,4801138,37634867
353,5401330,37634867
353,6001454,37634867
353,6601513,37634867
353,7201535,37634867
353,7801615,37634867
353,8401783,37634867
353,9001852,37634867
353,9602200,37634867
353,10202237,37634867
353,10802387,37634867
353,11402521,37634867
353,12002784,37634867
353,12602871,37634867
353,13203075,37634867
353,13803248,37634867
353,14403487,37634867
353,15003707,37634867
353,15603924,37634867
353,16204111,37634867
353,16804471,37634867
353,17404690,37634867
353,18004691,37634867
353,18604787,37634867
353,19204965,37634867
353,19805209,37634867
353,20405553,37634867
353,21005749,37634867
353,21605896,37634867
353,22205955,37634867
353,22805959,37634867
353,23406093,37634867
353,24006172,37634867
353,24606268,37634867
353,25206333,37634867
353,25806506,37634867
353,26406892,37634867
353,27006981,37634867
353,27607105,37634867
353,28207429,37634867
353,28807801,37634867
353,29407953,37634867
353,30008112,37634867
353,30608280,37634867
353,31208441,37634867
353,31808454,37634867
353,32408661,37634867
353,33009072,37634867
353,33609092,37634867
353,34209103,37634867
353,34809360,37634867
353,35409519,37634867
353,36009593,37634867
353,36609629,37634867
353,37209822,37634867
353,37809888,37634867
353,38410098,37634867
353,39010129,37634867
353,39610313,37634867
353,40210466,37634867
353,40810480,37634867
353,41410562,37634867
353,42010643,37634867
353,42610764,37634867
353,43210983,37634867
353,43811238,37634867
353,44411346,37634867
353,45011454,37634867
353,45611744,37634867
353,46211929,37634867
353,46812151,37634867
353,47412336,37634867
353,48012459,37634867
353,48612602,37634867
353,49212815,37634867
353,49812830,37634867
353,50413076,37634867
353,51013277,37634867
353,51613306,37634867
353,52213458,37634867
353,52813652,37634867
353,53413798,37634867
353,54013991,37634867
353,54614068,37634867
353,55214123,37634867
353,55814281,37634867
353,56414374,37634867
353,57014578,37634867
353,57614636,37634867
353,58214828,37634867
353,58814884,37634867
353,59415003,37634867
353,60015216,37634867
353,60615354,37634867
353,61215526,37634867
353,61815632,37634867
353,62415820,37634867
353,63016218,37634867
353,63616323,37634867
353,64216482,37634867
353,64816647,37634867
353,65416719,37634867
353,66016747,37634867
353,66616852,37634867
353,67216927,37634867
353,67817033,37634867
353,68417131,37634867
353,69017350,37634867
353,69617411,37634867
353,70217511,37634867
353,70817638,37634867
353,71417677,37634867
353,72017823,37634867
353,72618039,37634867
353,73218086,37634867
353,73818131,37634867
353,74418272,37634867
353,75018422,37634867
353,75618512,37634867
353,76218535,37634867
353,76818773,37634867
353,77418814,37634867
353,78018843,37634867
353,78618937,37634867
353,79219048,37634867
353,79819199,37634867
353,80419398,37634867
353,81019478,37634867
353,81619577,37634867
353,82219752,37634867
353,82819980,37634867
353,83420103,37634867
353,84020216,37634867
353,84620397,37634867
353,85220497,37634867
353,85820811,37634867
353,86420889,37634867
353,87020893,37634867
353,87621056,37634867
353,88221085,37634867
353,88821098,37634867
353,89421222,37634867
353,90021397,37634867
353,90621467,37634867
353,91221712,37634867
353,91821839,37634867
353,92421854,37634867
353,93022055,37634867
353,93622294,37634867
353,94222399,37634867
353,94822599,37634867
353,95422667,37634867
353,96022807,37634867
353,96622862,37634867
353,97222940,37634867
353,97823052,37634867
353,98423230,37634867
353,99023410,37634867
353,99623568,37634867
353,100223601,37634867
353,100823801,37634867
353,101424000,37634867
353,102024066,37634867
353,102624085,37634867
353,103224308,37634867
353,103824470,37634867
353,104424554,37634867
353,105024678,37634867
353,105624897,37634867
353,106224904,37634867
353,106825070,37634867
353,107425103,37634867
353,108025282,37634867
353,108625350,37634867
353,109225694,37634867
353,109825868,37634867
353,110425984,37634867
353,111026099,37634867
353,111626214,37634867
353,112226280,37634867
332,600006,33712262
332,1200074,32687318
332,1800085,33454454
332,2400138,32940934
332,3000173,32955606
332,3600206,33111758
332,4200252,32643362
332,4800252,33076126
332,5400269,32644350
332,6000290,33003814
332,6600291,33098134
332,7200295,32683126
332,7800296,33190358
332,8400350,32644410
332,9000353,32971326
332,9600392,32952462
332,10200405,32734478
332,10800409,33139006
332,11400437,32939886
332,12000472,32644350
332,12600475,33032110
332,13200518,33214462
332,13800528,32645398
332,14400586,33296206
332,15000592,32674742
332,15600629,32681030
332,16200666,33197694
332,16800687,32734478
332,17400692,32709326
332,18000704,33060406
332,18600733,33043638
332,19200744,32756546
332,19800770,33184070
332,20400811,32867574
332,21000815,32816222
332,21600863,33119094
332,22200876,33301446
332,22800895,32751246
332,23400904,32999682
332,24000911,33264826
332,24600919,32644350
332,25200920,32785890
332,25800924,33202994
332,26400931,32841434
332,27000954,32769062
332,27600957,33168410
332,28200983,33225990
332,28800993,32803646
332,29400993,32692558
332,30001048,32893774
332,30601055,33065646
332,31201106,32682078
332,31801158,32979710
332,32401177,33218654
332,33001195,32643362
332,33601222,33053070
332,34201253,33076126
332,34801272,32643302
332,35401272,32789034
332,36001275,33111758
332,36601327,33309830
332,37201332,33043638
332,37801369,32786878
332,38401376,33253238
332,39001377,33188262
332,39601418,32643362
332,40201438,32764870
332,40801445,33193502
332,41401452,32798406
332,42001471,32684174
332,42601478,32947222
332,43201482,33197694
332,43801491,32644350
332,44401491,32748162
332,45001520,33170446
332,45601545,33341270
332,46201549,33046782
332,46801568,32857094
332,47401577,32991238
332,48001578,33259526
332,48601628,32799454
332,49201637,32802598
332,49801668,33287822
332,50401689,33110710
332,51001704,32678934
332,51601712,32710374
332,52201719,33171494
332,52801736,33251142
332,53401746,32796310
332,54001752,32828798
332,54601754,33178890
332,55201761,33229194
332,55801768,32719866
332,56401797,32719806
332,57001799,32912698
332,57601835,33314022
332,58201904,33198742
332,58801935,32709326
332,59401993,32959798
332,60002033,33239614
332,60602040,32906350
332,61202068,32696750
332,61802102,32966086
332,62402135,33264766
332,63002146,33006958
332,63602170,32692558
332,64202172,32965038
332,64802176,33245902
332,65402207,33170446
332,66002272,32653782
332,66602272,33001718
332,67202303,33229134
332,67802310,33277342
332,68402319,32818378
332,69002333,32753342
332,69602378,33074030
332,70202385,33149486
332,70802400,32644410
332,71402403,32809934
332,72002413,33152630
332,72602451,33298302
332,73202456,32798406
332,73802483,33123286
332,74402502,33305638
332,75002512,32818318
332,75602531,32784782
332,76202590,33135862
332,76802622,33255334
332,77402657,32679982
332,78002696,32664262
332,78602702,32760678
332,79202765,33174638
332,79802827,33362230
332,80402869,33173590
332,81002881,32643302
332,81602881,32741814
332,82202920,32982854
332,82802943,33196646
332,83402950,32751246
332,84002978,32694654
332,84602981,32952522
332,85203049,33307734
332,85803079,33229134
332,86403132,32651686
332,87003155,32881198
332,87603221,33252190
332,88203224,33213414
332,88803237,32645398
332,89403247,32771158
332,90003259,33018486
332,90603261,33295158
332,91203265,32708278
332,91803299,32871766
332,92403320,33199790
332,93003344,32775350
332,93603385,32648542
332,94203386,32975518
332,94803417,33046782
332,95403430,32679982
332,96003430,33146342
332,96603437,33171494
332,97203444,32774302
332,97803493,32644350
332,98403500,32982854
332,99003507,32999622
332,99603517,32737682
332,100203533,32965038
332,100803535,33241710
332,101403535,33020582
332,102003542,32714626
332,102603549,33100290
332,103203578,33222846
332,103803585,32697858
332,104403621,32692558
332,105003623,32978662
332,105603634,33327706
332,106203641,33066754
332,106803659,32644410
332,107403665,32819426
332,108003668,33159966
332,108603671,33294110
332,109203676,32883354
332,109803722,32643362
332,110403757,32644350
332,111003807,32643362
332,111603901,32643362
332,112203907,32644350
355,600023,38094489
355,1200125,38095477
355,1800434,38094489
355,2400480,38095477
355,3000605,38094489
355,3600721,38094489
355,4200955,38094489
355,4800960,38094489
355,5401461,38095477
355,6001488,38094489
355,6601636,38094489
355,7201716,38095477
355,7801865,38095477
355,8402124,38095477
355,9002245,38095477
355,9602401,38094489
355,10202414,38094489
355,10802474,38095477
355,11402553,38094489
355,12002555,38095477
355,12602700,38095477
355,13202733,38095477
355,13802846,38095477
355,14402927,38094489
355,15002933,38094489
355,15603042,38095477
355,16203070,38095477
355,16803111,38094489
355,17403201,38095477
355,18003294,38094489
355,18603339,38094489
355,19203405,38094489
355,19803598,38095477
355,20403650,38094489
355,21003808,38095477
355,21603922,38095477
355,22203952,38095477
355,22803983,38094489
355,23404027,38095477
355,24004153,38094489
355,24604323,38095477
355,25204411,38095477
355,25804498,38094489
355,26404505,38094489
355,27004635,38094489
355,27604728,38095477
355,28204735,38094489
355,28804764,38094489
355,29404837,38094489
355,30004841,38095477
355,30605056,38094489
355,31205077,38095477
355,31805088,38094489
355,32405210,38095477
355,33005408,38094489
355,33605492,38095477
355,34205752,38094489
355,34805757,38094489
355,35405813,38095477
355,36005855,38095477
355,36605909,38094489
355,37206163,38094489
355,37806238,38095477
355,38406290,38094489
355,39006370,38095477
355,39606486,38094489
355,40206518,38094489
355,40806574,38095477
355,41406781,38094489
355,42006800,38094489
355,42606973,38094489
355,43206977,38094489
355,43807073,38094489
355,44407223,38094489
355,45007279,38095477
355,45607455,38094489
355,46207660,38094489
355,46807758,38095477
355,47407843,38095477
355,48007910,38095477
355,48607953,38094489
355,49207986,38094489
355,49808076,38094489
355,50408097,38094489
355,51008195,38094489
355,51608203,38094489
355,52208376,38094489
355,52808476,38094489
355,53408506,38095477
355,54008604,38095477
355,54608626,38095477
355,55208738,38094489
355,55808911,38094489
355,56409072,38095477
355,57009163,38095477
355,57609343,38094489
355,58209391,38094489
355,58809430,38094489
355,59409480,38094489
355,60009520,38094489
355,60609610,38094489
355,61209699,38095477
355,61809720,38095477
355,62409996,38095477
355,63010163,38094489
355,63610201,38094489
355,64210299,38094489
355,64810412,38095477
355,65410441,38094489
355,66010581,38095477
355,66610589,38094489
355,67210596,38095477
355,67810627,38094489
355,68410782,38095477
355,69010859,38095477
355,69610944,38094489
355,70210951,38094489
355,70811052,38094489
355,71411138,38095477
355,72011219,38095477
355,72611444,38095477
355,73211507,38095477
355,73811576,38095477
355,74411732,38094489
355,75011768,38094489
355,75611858,38094489
355,76211903,38094489
355,76811935,38094489
355,77412070,38095477
355,78012071,38095477
355,78612151,38095477
355,79212327,38094489
355,79812389,38094489
355,80412451,38094489
355,81012568,38095477
355,81612609,38094489
355,82212645,38095477
355,82812807,38095477
355,83413010,38094489
355,84013190,38095477
355,84613278,38094489
355,85213426,38095477
355,85813537,38095477
355,86413572,38095477
355,87013597,38095477
355,87613696,38094489
355,88213799,38095477
355,88813829,38095477
355,89413833,38095477
355,90013854,38094489
355,90614068,38094489
355,91214099,38094489
355,91814164,38095477
355,92414393,38094489
355,93014429,38095477
355,93614441,38094489
355,94214444,38095477
355,94814509,38094489
355,95414582,38094489
355,96014672,38094489
355,96614786,38095477
355,97214832,38094489
355,97814881,38094489
355,98414888,38094489
355,99014895,38094489
355,99615029,38095477
355,100215071,38095477
355,100815151,38095477
355,101415160,38094489
355,102015250,38094489
355,102615296,38095477
355,103215336,38095477
355,103815459,38094489
355,104415507,38094489
355,105015675,38094489
355,105615923,38094489
355,106216013,38094489
355,106816060,38094489
355,107416140,38095477
355,108016218,38094489
355,108616356,38094489
355,109216380,38094489
361,600028,39476319
361,1200179,39476319
361,1800273,39476319
361,2400412,39476319
361,3000693,39476319
361,3600809,39476319
361,4200914,39476319
361,4801131,39476319
361,5401348,39476319
361,6001493,39476319
361,6601558,39476319
361,7201562,39476319
361,7801646,39476319
361,8401768,39476319
361,9001779,39476319
361,9601825,39476319
361,10201838,39476319
361,10802008,39476319
361,11402143,39476319
361,12002308,39476319
361,12602323,39476319
361,13202532,39476319
361,13802593,39476319
361,14402766,39476319
361,15002855,39476319
361,15602975,39476319
361,16203206,39476319
361,16803448,39476319
361,17403496,39476319
361,18003714,39476319
361,18603759,39476319
361,19203991,39476319
361,19804195,39476319
361,20404319,39476319
361,21004326,39476319
361,21604465,39476319
361,22204479,39476319
361,22804569,39476319
361,23404732,39476319
361,24004739,39476319
361,24604835,39476319
361,25204997,39476319
361,25805084,39476319
361,26405174,39476319
361,27005304,39476319
361,27605532,39476319
361,28205570,39476319
361,28805599,39476319
361,29405755,39476319
361,30005884,39476319
361,30605891,39476319
361,31206108,39476319
361,31806172,39476319
361,32406179,39476319
361,33006243,39476319
361,33606248,39476319
361,34206338,39476319
361,34806426,39476319
361,35406428,39476319
361,36006531,39476319
361,36606661,39476319
361,37206749,39476319
361,37806952,39476319
361,38406959,39476319
361,39007043,39476319
361,39607142,39476319
361,40207187,39476319
361,40807277,39476319
361,41407450,39476319
361,42007469,39476319
361,42607476,39476319
361,43207563,39476319
361,43807700,39476319
361,44407892,39476319
361,45008099,39476319
361,45608373,39476319
361,46208578,39476319
361,46808609,39476319
361,47408820,39476319
361,48008947,39476319
361,48609037,39476319
361,49209070,39476319
361,49809160,39476319
361,50409347,39476319
361,51009528,39476319
361,51609536,39476319
361,52209709,39476319
361,52809809,39476319
361,53409819,39476319
361,54009826,39476319
361,54610064,39476319
361,55210154,39476319
361,55810161,39476319
361,56410204,39476319
361,57010358,39476319
361,57610427,39476319
361,58210475,39476319
361,58810597,39476319
361,59410813,39476319
361,60010853,39476319
361,60610943,39476319
361,61210988,39476319
361,61811112,39476319
361,62411204,39476319
361,63011247,39476319
361,63611368,39476319
361,64211466,39476319
361,64811684,39476319
361,65411857,39476319
361,66012074,39476319
361,66612171,39476319
361,67212368,39476319
361,67812375,39476319
361,68412455,39476319
361,69012730,39476319
361,69612941,39476319
361,70213031,39476319
361,70813056,39476319
361,71413184,39476319
361,72013427,39476319
361,72613613,39476319
361,73213620,39476319
361,73813627,39476319
361,74413646,39476319
361,75013848,39476319
361,75613855,39476319
361,76213983,39476319
361,76814181,39476319
361,77414216,39476319
361,78014255,39476319
361,78614551,39476319
361,79214739,39476319
361,79814801,39476319
361,80415029,39476319
361,81015040,39476319
361,81615270,39476319
361,82215309,39476319
361,82815415,39476319
361,83415422,39476319
361,84015462,39476319
361,84615607,39476319
361,85215687,39476319
361,85815812,39476319
361,86415949,39476319
361,87016158,39476319
361,87616357,39476319
361,88216526,39476319
361,88816645,39476319
361,89416881,39476319
361,90017096,39476319
361,90617227,39476319
361,91217341,39476319
361,91817431,39476319
361,92417469,39476319
361,93017476,39476319
361,93617517,39476319
361,94217744,39476319
361,94817751,39476319
361,95417990,39476319
361,96018163,39476319
361,96618316,39476319
361,97218489,39476319
361,97818538,39476319
361,98418628,39476319
361,99018718,39476319
361,99618965,39476319
361,100218993,39476319
361,100819225,39476319
361,101419232,39476319
361,102019405,39476319
361,102619495,39476319
361,103219702,39476319
361,103819780,39476319
361,104419911,39476319
361,105019913,39476319
361,105620078,39476319
361,106220168,39476319
361,106820174,39476319
361,107420192,39476319
361,108020290,39476319
361,108620428,39476319
361,109220701,39476319
361,109820910,39476319
361,110420944,39476319
361,111021105,39476319
367,600057,40706401
367,1200197,40706401
367,1800403,40706401
367,2400576,40706401
367,3000918,40706401
367,3601064,40706401
367,4201307,40706401
367,4801357,40706401
367,5401918,40706401
367,6002072,40706401
367,6602173,40706401
367,7202219,40706401
367,7802375,40706401
367,8402479,40706401
367,9002524,40706401
367,9602848,40706401
367,10203035,40706401
367,10803217,40706401
367,11403621,40706401
367,12003829,40706401
367,12603897,40706401
367,13203951,40706401
367,13803988,40706401
367,14404134,40706401
367,15004253,40706401
367,15604296,40706401
367,16204406,40706401
367,16804807,40706401
367,17404840,40706401
367,18004853,40706401
367,18605210,40706401
367,19205295,40706401
367,19805479,40706401
367,20405901,40706401
367,21006103,40706401
367,21606241,40706401
367,22206271,40706401
367,22806283,40706401
367,23406424,40706401
367,24006448,40706401
367,24606573,40706401
367,25206727,40706401
367,25806932,40706401
367,26406964,40706401
367,27007106,40706401
367,27607243,40706401
367,28207621,40706401
367,28807843,40706401
367,29407845,40706401
367,30007880,40706401
367,30608066,40706401
367,31208105,40706401
367,31808226,40706401
367,32408439,40706401
367,33008600,40706401
367,33608660,40706401
367,34208861,40706401
367,34808886,40706401
367,35408907,40706401
367,36008951,40706401
367,36609203,40706401
367,37209275,40706401
367,37809408,40706401
367,38409572,40706401
367,39009622,40706401
367,39609861,40706401
367,40209908,40706401
367,40810057,40706401
367,41410070,40706401
367,42010085,40706401
367,42610146,40706401
367,43210275,40706401
367,43810509,40706401
367,44410543,40706401
367,45010689,40706401
367,45610724,40706401
367,46210909,40706401
367,46811131,40706401
367,47411316,40706401
367,48011439,40706401
367,48611582,40706401
367,49211795,40706401
367,49811810,40706401
367,50412056,40706401
367,51012257,40706401
367,51612286,40706401
367,52212438,40706401
367,52812632,40706401
367,53412778,40706401
367,54012971,40706401
367,54613048,40706401
367,55213103,40706401
367,55813261,40706401
367,56413354,40706401
367,57013558,40706401
367,57613616,40706401
367,58213808,40706401
367,58813864,40706401
367,59413983,40706401
367,60014196,40706401
367,60614334,40706401
367,61214506,40706401
367,61814612,40706401
367,62414800,40706401
367,63015198,40706401
367,63615303,40706401
367,64215462,40706401
367,64815627,40706401
367,65415699,40706401
367,66015727,40706401
367,66615832,40706401
367,67215907,40706401
367,67816013,40706401
367,68416111,40706401
367,69016330,40706401
367,69616391,40706401
367,70216491,40706401
367,70816618,40706401
367,71416657,40706401
367,72016803,40706401
367,72617019,40706401
367,73217066,40706401
367,73817111,40706401
367,74417252,40706401
367,75017402,40706401
367,75617492,40706401
367,76217515,40706401
367,76817753,40706401
367,77417794,40706401
367,78017823,40706401
367,78617917,40706401
367,79218028,40706401
367,79818179,40706401
367,80418378,40706401
367,81018458,40706401
367,81618557,40706401
367,82218732,40706401
367,82818960,40706401
367,83419083,40706401
367,84019196,40706401
367,84619377,40706401
367,85219477,40706401
367,85819791,40706401
367,86419869,40706401
367,87019873,40706401
367,87620036,40706401
367,88220065,40706401
367,88820078,40706401
367,89420202,40706401
367,90020377,40706401
367,90620447,40706401
367,91220692,40706401
367,91820819,40706401
367,92420834,40706401
367,93021035,40706401
367,93621274,40706401
367,94221379,40706401
367,94821579,40706401
367,95421647,40706401
367,96021787,40706401
367,96621842,40706401
367,97221920,40706401
367,97822032,40706401
367,98422210,40706401
367,99022390,40706401
367,99622548,40706401
367,100222581,40706401
367,100822781,40706401
367,101422980,40706401
367,102023046,40706401
367,102623065,40706401
367,103223288,40706401
367,103823450,40706401
367,104423534,40706401
367,105023658,40706401
367,105623877,40706401
367,106223884,40706401
367,106824050,40706401
367,107424083,40706401
367,108024262,40706401
367,108624330,40706401
367,109224674,40706401
367,109824848,40706401
367,110424964,40706401
367,111025079,40706401
367,111625194,40706401
367,112225260,40706401
341,600082,34717095
341,1200121,34717095
341,1800487,34717095
341,2400618,34717095
341,3001002,34717095
341,3601088,34717095
341,4201307,34717095
341,4801399,34717095
341,5401702,34717095
341,6001780,34717095
341,6601993,34717095
341,7202051,34717095
341,7802169,34717095
341,8402317,34717095
341,9002444,34717095
341,9602460,34717095
341,10202621,34717095
341,10802752,34717095
341,11403169,34717095
341,12003399,34717095
341,12603435,34717095
341,13203675,34717095
341,13803848,34717095
341,14403868,34717095
341,15004277,34717095
341,15604436,34717095
341,16204438,34717095
341,16804465,34717095
341,17404522,34717095
341,18004621,34717095
341,18604671,34717095
341,19204725,34717095
341,19804975,34717095
341,20405337,34717095
341,21005541,34717095
341,21605611,34717095
341,22205919,34717095
341,22805935,34717095
341,23405983,34717095
341,24006292,34717095
341,24606348,34717095
341,25206515,34717095
341,25806635,34717095
341,26407036,34717095
341,27007231,34717095
341,27607381,34717095
341,28207409,34717095
341,28807672,34717095
341,29407737,34717095
341,30007845,34717095
341,30607852,34717095
341,31207997,34717095
341,31807998,34717095
341,32408217,34717095
341,33008402,34717095
341,33608424,34717095
341,34208619,34717095
341,34808685,34717095
341,35408703,34717095
341,36008876,34717095
341,36609074,34717095
341,37209201,34717095
341,37809468,34717095
341,38409540,34717095
341,39009628,34717095
341,39609693,34717095
341,40209812,34717095
341,40809833,34717095
341,41409842,34717095
341,42009989,34717095
341,42610131,34717095
341,43210191,34717095
341,43810362,34717095
341,44410391,34717095
341,45010434,34717095
341,45610670,34717095
341,46210691,34717095
341,46810783,34717095
341,47410911,34717095
341,48011053,34717095
341,48611098,34717095
341,49211203,34717095
341,49811292,34717095
341,50411435,34717095
341,51011524,34717095
341,51611694,34717095
341,52211920,34717095
341,52812011,34717095
341,53412216,34717095
341,54012381,34717095
341,54612540,34717095
341,55212901,34717095
341,55813108,34717095
341,56413298,34717095
341,57013370,34717095
341,57613604,34717095
341,58213994,34717095
341,58814218,34717095
341,59414398,34717095
341,60014416,34717095
341,60614796,34717095
341,61214818,34717095
341,61814985,34717095
341,62415214,34717095
341,63015630,34717095
341,63615651,34717095
341,64215835,34717095
341,64815944,34717095
341,65416199,34717095
341,66016339,34717095
341,66616468,34717095
341,67216581,34717095
341,67816909,34717095
341,68416983,34717095
341,69017083,34717095
341,69617162,34717095
341,70217396,34717095
341,70817430,34717095
341,71417518,34717095
341,72017735,34717095
341,72617847,34717095
341,73217969,34717095
341,73818061,34717095
341,74418068,34717095
341,75018342,34717095
341,75618532,34717095
341,76218629,34717095
341,76818840,34717095
341,77418974,34717095
341,78019069,34717095
341,78619130,34717095
341,79219276,34717095
341,79819503,34717095
341,80419572,34717095
341,81019718,34717095
341,81619803,34717095
341,82219901,34717095
341,82820108,34717095
341,83420375,34717095
341,84020486,34717095
341,84620557,34717095
341,85220577,34717095
341,85820866,34717095
341,86420935,34717095
341,87021113,34717095
341,87621128,34717095
341,88221135,34717095
341,88821182,34717095
341,89421392,34717095
341,90021417,34717095
341,90621653,34717095
341,91221709,34717095
341,91821788,34717095
341,92422082,34717095
341,93022647,34717095
341,93622674,34717095
341,94222713,34717095
341,94823103,34717095
341,95423333,34717095
341,96023371,34717095
341,96623769,34717095
341,97223936,34717095
341,97824036,34717095
341,98424060,34717095
341,99024100,34717095
341,99624258,34717095
341,100224445,34717095
341,100824569,34717095
341,101424648,34717095
341,102024795,34717095
341,102624859,34717095
341,103224949,34717095
341,103825106,34717095
341,104425205,34717095
341,105025212,34717095
341,105625227,34717095
341,106225660,34717095
341,106825718,34717095
341,107425807,34717095
341,108025916,34717095
341,108625929,34717095
341,109226372,34717095
341,109826454,34717095
341,110426629,34717095
341,111026795,34717095
341,111626798,34717095
341,112226909,34717095
